17	 0.057720847
31	 0.06024154
51	 0.0741106
57	 0.06343294
88	 0.026120566
108	 0.03012077
110	 0.062427495
115	 0.027600078
125	 0.11253448
168	 0.032219194
194	 0.055656984
198	 0.034827422
199	 0.038827628
214	 0.032219194
246	 0.04501379
338	 0.057720847
381	 0.0741106
433	 0.013800039
554	 0.06769394
558	 0.070462465
605	 0.10676684
608	 0.034016732
635	 0.020216692
666	 0.026120566
683	 0.022506895
726	 0.049632903
731	 0.038827628
734	 0.033150088
736	 0.027600078
770	 0.0690002
806	 0.017413711
812	 0.05143044
823	 0.06343294
851	 0.06769394
881	 0.10286088
906	 0.13538788
976	 0.04313547
985	 0.022506895
1041	 0.0791923
1055	 0.024443232
1078	 0.027600078
1174	 0.037630405
1177	 0.055656984
1180	 0.12485499
1230	 0.057847094
1242	 0.04092605
1263	 0.061709516
1288	 0.03558895
1292	 0.055200156
1298	 0.020216692
1320	 0.069654845
1325	 0.03698609
1443	 0.0791923
1473	 0.04229774
1475	 0.07397218
1538	 0.08791064
1573	 0.087841615
1618	 0.08791064
1672	 0.017413711
1678	 0.038827628
1712	 0.022506895
1764	 0.022506895
1845	 0.024443232
1893	 0.05143044
1930	 0.061709516
1963	 0.020216692
2042	 0.020216692
2055	 0.10448226
2066	 0.07526081
2125	 0.034827422
2135	 0.039920606
2150	 0.04313547
2207	 0.1380004
2217	 0.048363
2242	 0.048886463
2245	 0.017413711
2335	 0.047816772
2373	 0.034827422
2464	 0.050106972
2612	 0.04092605
2628	 0.13060284
2633	 0.033150088
2670	 0.05300266
2747	 0.0741106
2764	 0.024443232
2837	 0.022506895
2838	 0.037630405
2839	 0.05300266
2844	 0.03012077
2850	 0.020216692
2906	 0.048886463
2929	 0.057720847
2963	 0.031213747
2981	 0.04501379
3031	 0.067520685
3045	 0.028923547
3068	 0.070462465
3141	 0.034016732
3257	 0.055656984
3266	 0.069654845
3277	 0.050106972
3327	 0.04313547
3363	 0.047816772
3448	 0.16998726
3497	 0.022506895
3498	 0.020216692
3518	 0.026120566
3566	 0.020216692
3573	 0.044659927
3591	 0.034827422
3640	 0.056662425
3646	 0.044659927
3649	 0.11040031
3656	 0.028923547
3663	 0.06343294
3691	 0.017413711
3723	 0.056662425
3839	 0.057720847
3860	 0.026120566
3875	 0.039386
3922	 0.020216692
3931	 0.055200156
3941	 0.10448226
3972	 0.10448226
4038	 0.022506895
4077	 0.054726087
4080	 0.055200156
4114	 0.055656984
4312	 0.07984121
4316	 0.06769394
4338	 0.020216692
4367	 0.04140012
4380	 0.040433384
4496	 0.03558895
4512	 0.12130015
4516	 0.0589296
4596	 0.034016732
4618	 0.05300266
4642	 0.031213747
4704	 0.1423558
4788	 0.040433384
4918	 0.028923547
4923	 0.12130015
4941	 0.032219194
4955	 0.048886463
4962	 0.04092605
4969	 0.03012077
5093	 0.03012077
5159	 0.06536928
5167	 0.040433384
5232	 0.027600078
5278	 0.024443232
5306	 0.044295803
5359	 0.05224113
5361	 0.048886463
5369	 0.013800039
5419	 0.031213747
5424	 0.053893905
5426	 0.055656984
5429	 0.034016732
5542	 0.09945026
5568	 0.04229774
5653	 0.026120566
5731	 0.027600078
5744	 0.04501379
5820	 0.022506895
5830	 0.05143044
5845	 0.026120566
5877	 0.028923547
5901	 0.020216692
5939	 0.0690002
5957	 0.047816772
5978	 0.034827422
5979	 0.070462465
5984	 0.0741106
5985	 0.043534275
5987	 0.04140012
5988	 0.068033464
6033	 0.061709516
6045	 0.06536928
6104	 0.0589296
6118	 0.050106972
6151	 0.027600078
6274	 0.06343294
6278	 0.04092605
6289	 0.048886463
6327	 0.05224113
6371	 0.048886463
6467	 0.12485499
6506	 0.049632903
6594	 0.013800039
6617	 0.017413711
6724	 0.024443232
6795	 0.06343294
6877	 0.037630405
7062	 0.036306933
7080	 0.08371388
7135	 0.043920808
7207	 0.03012077
7236	 0.020216692
7319	 0.047245704
7359	 0.026120566
7363	 0.08371388
7366	 0.0690002
7411	 0.022506895
7461	 0.03824327
7462	 0.03698609
7505	 0.048363
7535	 0.053893905
7579	 0.024443232
7655	 0.06343294
7702	 0.036306933
7747	 0.032219194
7774	 0.013800039
7789	 0.10448226
7804	 0.022506895
7855	 0.03558895
7860	 0.0
7985	 0.069654845
8083	 0.039386
8110	 0.026120566
8164	 0.06024154
8241	 0.026120566
8249	 0.027600078
8265	 0.032219194
8320	 0.022506895
8433	 0.078772
8504	 0.04092605
8545	 0.050106972
8614	 0.008706856
8762	 0.060650077
8882	 0.04501379
8901	 0.034016732
8923	 0.070462465
8944	 0.013800039
9019	 0.008706856
9038	 0.046337258
9049	 0.027600078
9076	 0.044295803
9120	 0.028923547
9157	 0.026120566
9160	 0.06769394
9164	 0.056662425
9376	 0.04185694
9384	 0.040433384
9387	 0.044295803
9478	 0.026120566
9555	 0.042723585
9577	 0.024443232
9616	 0.024443232
9633	 0.013800039
9670	 0.039920606
9684	 0.008706856
9700	 0.066300176
9731	 0.067520685
9741	 0.03698609
9774	 0.017413711
9844	 0.05078613
9866	 0.078772
9923	 0.034016732
10066	 0.026120566
10100	 0.070462465
10115	 0.0
10116	 0.0
10119	 0.08706856
10164	 0.050106972
10203	 0.045357957
10213	 0.12130015
10214	 0.031213747
10251	 0.031213747
10254	 0.032219194
10316	 0.03012077
10362	 0.022506895
10371	 0.027600078
10443	 0.024443232
10445	 0.048886463
10478	 0.020216692
10544	 0.046337258
10557	 0.043920808
10601	 0.16173354
10778	 0.1178592
10853	 0.020216692
10936	 0.03012077
11031	 0.049632903
11077	 0.060650077
11121	 0.06343294
11132	 0.049632903
11144	 0.048886463
11185	 0.0
11239	 0.026120566
11297	 0.022506895
11342	 0.043920808
11346	 0.057720847
11458	 0.026120566
11483	 0.070462465
11501	 0.034827422
11530	 0.03012077
11536	 0.024443232
11636	 0.024443232
11637	 0.026120566
11682	 0.034827422
11706	 0.027600078
11735	 0.022506895
11782	 0.056662425
11790	 0.048886463
11791	 0.08677064
11792	 0.020216692
11935	 0.040433384
11938	 0.033150088
11950	 0.048886463
11962	 0.008706856
11978	 0.045357957
12006	 0.013800039
12022	 0.039386
12137	 0.08706855
12149	 0.053893905
12463	 0.034827422
12591	 0.03012077
12596	 0.013800039
12608	 0.069654845
12629	 0.043920808
12909	 0.06024154
12912	 0.020216692
12947	 0.040433384
12956	 0.027600078
12998	 0.008706856
12999	 0.069654845
13027	 0.057720847
13043	 0.027600078
13072	 0.022506895
13094	 0.05143044
13118	 0.040433384
13165	 0.028923547
13187	 0.04140012
13197	 0.017413711
13199	 0.048363
13214	 0.028923547
13292	 0.10448226
13293	 0.05224113
13348	 0.0741106
13368	 0.04601923
