12	 0.070340686
31	 0.02675406
80	 0.043422244
83	 0.023200974
107	 0.06960292
121	 0.030214556
123	 0.03161104
125	 0.1399385
168	 0.028617933
173	 0.06012754
177	 0.03448772
214	 0.057235867
232	 0.047869984
256	 0.051269174
298	 0.10495104
307	 0.06322208
330	 0.03545853
383	 0.14068137
387	 0.11153531
433	 0.024515115
519	 0.03161104
552	 0.05350812
568	 0.030934632
575	 0.017956998
578	 0.05387099
608	 0.06042911
609	 0.03545853
656	 0.070340686
661	 0.023200974
666	 0.023200974
668	 0.046401948
683	 0.03998243
720	 0.017956998
733	 0.042472113
769	 0.047869984
770	 0.11031801
777	 0.032248773
806	 0.015467316
812	 0.04568187
839	 0.05350812
893	 0.07733658
985	 0.019991215
1015	 0.02944478
1078	 0.012257557
1111	 0.08392975
1161	 0.02944478
1288	 0.03161104
1292	 0.24515115
1320	 0.046401948
1487	 0.027724871
1545	 0.04115797
1573	 0.039011616
1581	 0.06582698
1658	 0.024515115
1672	 0.046401948
1686	 0.04408525
1733	 0.030214556
1764	 0.03998243
1790	 0.043422244
1875	 0.032852016
2055	 0.023200974
2066	 0.033424314
2068	 0.04028813
2080	 0.017956998
2110	 0.046401948
2150	 0.03831406
2193	 0.032852016
2207	 0.12257557
2252	 0.023200974
2257	 0.028617933
2262	 0.02675406
2266	 0.028617933
2269	 0.06012754
2336	 0.023200974
2343	 0.030934632
2352	 0.024515115
2398	 0.04087549
2423	 0.037178434
2424	 0.06996736
2469	 0.05888956
2548	 0.007733658
2577	 0.047869984
2587	 0.13532872
2600	 0.05350812
2628	 0.046401948
2749	 0.015467316
2750	 0.04028813
2794	 0.056342807
2800	 0.070340686
2837	 0.019991215
2867	 0.028617933
2874	 0.019991215
2879	 0.03448772
2906	 0.043422244
2926	 0.03998243
2963	 0.027724871
2981	 0.07996486
2987	 0.047869984
3022	 0.050329056
3031	 0.09995608
3035	 0.028617933
3042	 0.047869984
3069	 0.050329056
3101	 0.007733658
3195	 0.02944478
3225	 0.083404675
3297	 0.07270318
3305	 0.023200974
3355	 0.03396868
3377	 0.024515115
3491	 0.07808454
3498	 0.017956998
3518	 0.046401948
3555	 0.049435996
3649	 0.04903023
3683	 0.039344694
3860	 0.023200974
3931	 0.04903023
3941	 0.12373853
4009	 0.024515115
4033	 0.046401948
4080	 0.073545344
4102	 0.06322208
4108	 0.030934632
4114	 0.049435996
4166	 0.037948214
4189	 0.06042911
4276	 0.030214556
4296	 0.07589643
4338	 0.035913996
4346	 0.028617933
4400	 0.02675406
4411	 0.070340686
4505	 0.04087549
4540	 0.073545344
4619	 0.05806271
4673	 0.015467316
4737	 0.024515115
4769	 0.037948214
4814	 0.012257557
4952	 0.04860915
4969	 0.10701624
5085	 0.021711122
5093	 0.02675406
5177	 0.033424314
5220	 0.04028813
5225	 0.019991215
5232	 0.012257557
5259	 0.07808454
5278	 0.021711122
5354	 0.021711122
5359	 0.046401948
5369	 0.012257557
5395	 0.032248773
5419	 0.055449743
5429	 0.12085822
5435	 0.015467316
5440	 0.024515115
5509	 0.056342807
5726	 0.06996736
5731	 0.012257557
5820	 0.09995608
5845	 0.023200974
5854	 0.041702338
5883	 0.039344694
5939	 0.036772672
5988	 0.030214556
5990	 0.05350812
5992	 0.019991215
6020	 0.070340686
6042	 0.041964874
6054	 0.047078352
6122	 0.070340686
6146	 0.023200974
6211	 0.03635159
6225	 0.012257557
6226	 0.025690654
6293	 0.037178434
6314	 0.054812014
6327	 0.023200974
6332	 0.024515115
6526	 0.024515115
6535	 0.07808454
6605	 0.017956998
6623	 0.030934632
6724	 0.021711122
6730	 0.028617933
6742	 0.02675406
6775	 0.05138131
6797	 0.017956998
6848	 0.049435996
6877	 0.033424314
6935	 0.03635159
6983	 0.017956998
7013	 0.027724871
7014	 0.06258661
7080	 0.037178434
7147	 0.02944478
7194	 0.02675406
7203	 0.05234282
7207	 0.02675406
7245	 0.017956998
7275	 0.03545853
7317	 0.046401948
7366	 0.024515115
7460	 0.043422244
7462	 0.06570403
7497	 0.06258661
7505	 0.042957287
7527	 0.017956998
7563	 0.03831406
7747	 0.028617933
7774	 0.024515115
7789	 0.10827122
7804	 0.019991215
7806	 0.07808454
7853	 0.028617933
7860	 0.0
7985	 0.030934632
7987	 0.030214556
8012	 0.04450633
8110	 0.061869264
8208	 0.015467316
8213	 0.03998243
8241	 0.023200974
8275	 0.07808454
8358	 0.041964874
8433	 0.03498368
8519	 0.028617933
8574	 0.02675406
8594	 0.22537123
8606	 0.035913996
8613	 0.06960292
8614	 0.015467316
8645	 0.061869264
8650	 0.032248773
8714	 0.05234282
8769	 0.030934632
8793	 0.061869264
8812	 0.032852016
8839	 0.02675406
8882	 0.11994729
8893	 0.06012754
8900	 0.015467316
8944	 0.012257557
8970	 0.03866829
9015	 0.037948214
9019	 0.030934632
9037	 0.03966812
9121	 0.04087549
9131	 0.06258661
9196	 0.046401948
9229	 0.039344694
9350	 0.027724871
9358	 0.023200974
9360	 0.10701624
9479	 0.021711122
9513	 0.02944478
9562	 0.06960292
9577	 0.08684449
9633	 0.012257557
9656	 0.05234282
9684	 0.046401948
9731	 0.09995608
9745	 0.021711122
9769	 0.047078352
9866	 0.03498368
9888	 0.056342807
9923	 0.030214556
9973	 0.03396868
10004	 0.03161104
10020	 0.041702338
10080	 0.06582698
10110	 0.03635159
10116	 0.0
10118	 0.047078352
10119	 0.030934632
10136	 0.037178434
10173	 0.042472113
10214	 0.055449743
10224	 0.02675406
10251	 0.083174616
10316	 0.02675406
10362	 0.03998243
10371	 0.036772672
10379	 0.023200974
10428	 0.032248773
10429	 0.023200974
10432	 0.030214556
10443	 0.021711122
10478	 0.017956998
10484	 0.015467316
10515	 0.06012754
10557	 0.039011616
10601	 0.23344095
10690	 0.042472113
10780	 0.04860915
10853	 0.12569898
10976	 0.043422244
11021	 0.04568187
11030	 0.024515115
11077	 0.05387099
11162	 0.023200974
11185	 0.0
11199	 0.024515115
11222	 0.04087549
11297	 0.03998243
11450	 0.04568187
11458	 0.023200974
11540	 0.037948214
11571	 0.037178434
11637	 0.023200974
11647	 0.021711122
11676	 0.037569962
11706	 0.04903023
11735	 0.019991215
11790	 0.043422244
11791	 0.05138131
11792	 0.07182799
11809	 0.025690654
11820	 0.024515115
11890	 0.025690654
11895	 0.025690654
11935	 0.035913996
11962	 0.015467316
12006	 0.012257557
12022	 0.10495104
12023	 0.047078352
12044	 0.03635159
12076	 0.04408525
12167	 0.042957287
12193	 0.03161104
12448	 0.047869984
12463	 0.007733658
12471	 0.037178434
12591	 0.02675406
12596	 0.012257557
12608	 0.046401948
12625	 0.04860915
12629	 0.039011616
12665	 0.05350812
12787	 0.039344694
12802	 0.021711122
12932	 0.05806271
12982	 0.02944478
12983	 0.05350812
13072	 0.03998243
13107	 0.043422244
13118	 0.035913996
13187	 0.012257557
13197	 0.015467316
13199	 0.042957287
13292	 0.10827122
