27	 0.025888706
28	 0.033808768
53	 0.035208203
176	 0.051379424
208	 0.02521055
210	 0.64453673
246	 0.013154168
419	 0.034441438
485	 0.022692828
493	 0.033116385
596	 0.022692828
671	 0.03053236
692	 0.04118183
707	 0.04118183
765	 0.04331398
774	 0.041599963
791	 0.025888706
801	 0.039762195
833	 0.03373498
835	 0.013154168
989	 0.030977434
1015	 0.019374589
1057	 0.014285861
1078	 0.008065441
1121	 0.017604101
1132	 0.032261763
1161	 0.019374589
1228	 0.046283986
1258	 0.04118183
1273	 0.027612777
1360	 0.024463313
1364	 0.046283986
1436	 0.04118183
1487	 0.018242892
1501	 0.046283986
1502	 0.031498324
1524	 0.032528754
1588	 0.023019169
1604	 0.051379424
1678	 0.022692828
1689	 0.02333162
1734	 0.022692828
1855	 0.0447026
1919	 0.028571721
1996	 0.051379424
2010	 0.020799981
2019	 0.046283986
2088	 0.39125153
2152	 0.031498324
2245	 0.020354906
2299	 0.016904384
2322	 0.029285047
2336	 0.01526618
2410	 0.034441438
2437	 0.020354906
2473	 0.035208203
2492	 0.025443632
2543	 0.046283986
2556	 0.03373498
2559	 0.047262628
2593	 0.03606616
2643	 0.016130881
2660	 0.016904384
2723	 0.016130881
2749	 0.020354906
2844	 0.017604101
2867	 0.018830525
2880	 0.046283986
2887	 0.035208203
2915	 0.049441874
2948	 0.019374589
3045	 0.016904384
3101	 0.01526618
3108	 0.018830525
3167	 0.051379424
3230	 0.026509484
3256	 0.03606616
3293	 0.0528123
3382	 0.031498324
3390	 0.03606616
3401	 0.029285047
3419	 0.0223513
3497	 0.013154168
3498	 0.011815657
3624	 0.03707342
3670	 0.07641022
3684	 0.034441438
3691	 0.040709812
3712	 0.032528754
3740	 0.039563764
3774	 0.018242892
3792	 0.023019169
3803	 0.019374589
3955	 0.024463313
3978	 0.083199926
3991	 0.013154168
4032	 0.047262628
4033	 0.03053236
4101	 0.032261763
4113	 0.018830525
4160	 0.038749177
4171	 0.023631314
4276	 0.019881098
4285	 0.046283986
4325	 0.04666324
4378	 0.031498324
4499	 0.07213232
4506	 0.030058552
4513	 0.018830525
4535	 0.024196323
4570	 0.046283986
4609	 0.02161654
4711	 0.03766105
4722	 0.051379424
4765	 0.010177453
4788	 0.011815657
4791	 0.051379424
4843	 0.040709812
4884	 0.025888706
4915	 0.03053236
4926	 0.030977434
4985	 0.051379424
5061	 0.014285861
5068	 0.024720937
5089	 0.051379424
5097	 0.018830525
5102	 0.034441438
5188	 0.035208203
5262	 0.03820511
5306	 0.05177741
5334	 0.016130881
5369	 0.008065441
5426	 0.032528754
5429	 0.019881098
5435	 0.020354906
5447	 0.03820511
5536	 0.031984694
5548	 0.04331398
5555	 0.033116385
5557	 0.08236366
5607	 0.08232009
5645	 0.026895966
5658	 0.046283986
5672	 0.051379424
5688	 0.042857584
5845	 0.01526618
5881	 0.07952845
5928	 0.051379424
5992	 0.013154168
6007	 0.04323308
6225	 0.016130881
6230	 0.026509484
6318	 0.031984694
6359	 0.02199311
6368	 0.010177453
6452	 0.025669541
6544	 0.013154168
6555	 0.03820511
6621	 0.049441874
6692	 0.01526618
6706	 0.016130881
6724	 0.014285861
6797	 0.011815657
6806	 0.051379424
6818	 0.026308335
6899	 0.035208203
6983	 0.011815657
7012	 0.023631314
7086	 0.018242892
7137	 0.019881098
7147	 0.019374589
7251	 0.031498324
7287	 0.031498324
7310	 0.046283986
7359	 0.01526618
7396	 0.049939647
7422	 0.016904384
7517	 0.016130881
7548	 0.03053236
7583	 0.051379424
7600	 0.062399942
7694	 0.04118183
7807	 0.016130881
7822	 0.011815657
7847	 0.039563764
7848	 0.033116385
7853	 0.018830525
7911	 0.023631314
7936	 0.046283986
8009	 0.046283986
8045	 0.014285861
8085	 0.029681982
8134	 0.031498324
8181	 0.046283986
8208	 0.040709812
8320	 0.013154168
8463	 0.05589308
8526	 0.028571721
8543	 0.02161654
8632	 0.023631314
8648	 0.016130881
8651	 0.034441438
8658	 0.051379424
8709	 0.05261667
8711	 0.021219607
8762	 0.011815657
8764	 0.03053236
8783	 0.04398622
8816	 0.029285047
8825	 0.047262628
8898	 0.016130881
8938	 0.024463313
9007	 0.01526618
9014	 0.034441438
9025	 0.019374589
9058	 0.024196323
9116	 0.03606616
9196	 0.01526618
9227	 0.020354906
9270	 0.04331398
9277	 0.050887264
9334	 0.054163672
9358	 0.01526618
9433	 0.026308335
9439	 0.02333162
9441	 0.042439215
9479	 0.014285861
9581	 0.033116385
9639	 0.02199311
9684	 0.0050887265
9774	 0.020354906
9805	 0.08662796
9849	 0.023631314
9932	 0.051379424
10001	 0.035208203
10007	 0.068882875
10115	 0.0
10116	 0.0
10196	 0.046283986
10251	 0.018242892
10254	 0.018830525
10296	 0.051379424
10341	 0.030977434
10348	 0.026308335
10350	 0.046283986
10390	 0.025669541
10421	 0.026308335
10438	 0.02199311
10483	 0.024463313
10484	 0.010177453
10490	 0.01526618
10544	 0.027081836
10575	 0.028571721
10644	 0.019374589
10679	 0.03606616
10726	 0.023019169
10751	 0.06999486
10756	 0.03766105
10771	 0.039563764
10776	 0.059363965
10783	 0.03373498
10785	 0.03606616
10787	 0.03606616
10798	 0.042439215
10865	 0.049939647
10884	 0.035208203
10889	 0.03606616
10910	 0.051379424
11025	 0.016130881
11041	 0.062399942
11042	 0.026101518
11061	 0.060117103
11085	 0.021219607
11101	 0.039563764
11136	 0.032528754
11162	 0.03053236
11172	 0.03707342
11178	 0.013154168
11225	 0.031498324
11343	 0.026308335
11368	 0.035208203
11477	 0.047262628
11478	 0.09256797
11595	 0.026101518
11644	 0.03606616
11657	 0.10275885
11708	 0.019881098
11738	 0.016904384
11744	 0.04118183
11763	 0.09785325
11820	 0.016130881
11851	 0.025443632
11861	 0.03053236
11890	 0.016904384
11914	 0.030977434
11917	 0.03820511
11962	 0.01526618
11979	 0.051379424
11982	 0.0670539
11993	 0.008065441
12031	 0.023631314
12069	 0.02333162
12072	 0.0223513
12097	 0.0223513
12137	 0.025443632
12151	 0.016130881
12182	 0.046283986
12241	 0.013154168
12287	 0.03820511
12430	 0.046283986
12437	 0.033116385
12577	 0.024196323
12655	 0.03820511
12680	 0.04118183
12742	 0.014285861
12800	 0.024720937
12879	 0.024196323
12911	 0.048392646
12951	 0.017604101
12984	 0.024196323
12994	 0.03053236
12998	 0.01526618
13090	 0.051379424
13114	 0.014285861
13122	 0.018242892
13128	 0.030977434
13139	 0.019374589
13166	 0.057143442
13187	 0.016130881
13200	 0.03606616
13219	 0.051379424
13285	 0.035621088
13287	 0.03544697
13302	 0.027081836
13317	 0.035208203
13320	 0.018242892
