31	 0.026062056
83	 0.022600872
212	 0.023881024
248	 0.08018681
307	 0.03079341
368	 0.022600872
390	 0.0685213
516	 0.044500295
523	 0.0685213
560	 0.04994308
712	 0.0685213
733	 0.04137356
770	 0.047762047
831	 0.031414647
835	 0.019474136
836	 0.04062369
985	 0.19474137
1011	 0.076064855
1055	 0.021149555
1057	 0.021149555
1159	 0.033090066
1286	 0.076064855
1350	 0.032559782
1379	 0.076064855
1381	 0.047351856
1458	 0.076064855
1468	 0.022600872
1554	 0.064124346
1571	 0.15212971
1672	 0.015067249
1724	 0.052124113
1734	 0.03359568
1737	 0.045201745
1749	 0.076064855
1763	 0.076064855
1765	 0.04335516
1790	 0.08459822
1803	 0.19237302
1810	 0.044500295
1831	 0.027877722
1845	 0.04229911
1885	 0.026062056
1967	 0.029433046
2008	 0.040093403
2125	 0.015067249
2160	 0.050988957
2207	 0.07164307
2245	 0.015067249
2272	 0.14328614
2299	 0.025026157
2437	 0.015067249
2464	 0.04335516
2536	 0.0685213
2558	 0.03079341
2628	 0.067802615
2749	 0.015067249
2844	 0.026062056
2854	 0.030134497
2887	 0.052124113
2984	 0.076064855
2989	 0.10977096
2995	 0.064124346
3006	 0.031414647
3031	 0.03894827
3073	 0.019474136
3145	 0.035821535
3146	 0.025026157
3297	 0.035411347
3413	 0.03079341
3420	 0.076064855
3473	 0.12028021
3518	 0.045201745
3643	 0.05488548
3654	 0.04335516
3674	 0.104248226
3856	 0.04335516
3887	 0.041846182
3929	 0.034078814
3956	 0.03766812
3964	 0.04335516
3976	 0.076064855
4032	 0.1574328
4085	 0.025026157
4171	 0.017492535
4203	 0.04994308
4245	 0.03696667
4276	 0.029433046
4346	 0.027877722
4513	 0.055755444
4517	 0.042944968
4711	 0.027877722
4765	 0.045201745
4784	 0.076064855
4790	 0.052124113
4826	 0.0565609
4941	 0.027877722
5026	 0.025026157
5057	 0.15212971
5097	 0.027877722
5126	 0.058572322
5220	 0.039246064
5232	 0.011940512
5278	 0.021149555
5369	 0.011940512
5371	 0.0565609
5395	 0.031414647
5435	 0.015067249
5523	 0.06096779
5536	 0.047351856
5571	 0.05886609
5593	 0.0685213
5614	 0.026062056
5646	 0.03981823
5858	 0.04663181
5870	 0.04994308
6132	 0.025026157
6146	 0.022600872
6225	 0.023881024
6327	 0.0075336243
6331	 0.0685213
6368	 0.045201745
6526	 0.047762047
6594	 0.011940512
6661	 0.0685213
6666	 0.026062056
6679	 0.05339428
6706	 0.035821535
6724	 0.021149555
6797	 0.03498507
6819	 0.017492535
6833	 0.0565609
6843	 0.021149555
6844	 0.045201745
6862	 0.04137356
6986	 0.015067249
7012	 0.017492535
7139	 0.044500295
7194	 0.026062056
7236	 0.08746267
7303	 0.034541383
7305	 0.06096779
7315	 0.04902728
7317	 0.045201745
7366	 0.011940512
7451	 0.0685213
7461	 0.033090066
7517	 0.023881024
7548	 0.030134497
7579	 0.021149555
7600	 0.03079341
7785	 0.025026157
7789	 0.18080698
7796	 0.076064855
7851	 0.15212971
7855	 0.03079341
7860	 0.0
7985	 0.030134497
8012	 0.04335516
8110	 0.015067249
8111	 0.076064855
8121	 0.047351856
8141	 0.028683182
8241	 0.022600872
8320	 0.03894827
8331	 0.064124346
8403	 0.03832703
8417	 0.03894827
8488	 0.03359568
8591	 0.064124346
8614	 0.030134497
8635	 0.052124113
8650	 0.031414647
8721	 0.05339428
8825	 0.03498507
8841	 0.064124346
8882	 0.03894827
8901	 0.029433046
8952	 0.036216803
8976	 0.0439428
9007	 0.045201745
9095	 0.04663181
9174	 0.076064855
9283	 0.047351856
9285	 0.048157316
9286	 0.076064855
9358	 0.022600872
9384	 0.03498507
9441	 0.06282929
9610	 0.057366364
9616	 0.021149555
9633	 0.011940512
9641	 0.040093403
9712	 0.026062056
9716	 0.058572322
9731	 0.019474136
9752	 0.0685213
9762	 0.026062056
9778	 0.058572322
9871	 0.03200229
9902	 0.03079341
9918	 0.0685213
9977	 0.050988957
9994	 0.06096779
10005	 0.04335516
10096	 0.04229911
10103	 0.076064855
10116	 0.0
10119	 0.030134497
10218	 0.030134497
10244	 0.04902728
10285	 0.036598206
10312	 0.076064855
10316	 0.104248226
10332	 0.045201745
10371	 0.047762047
10374	 0.037323054
10379	 0.022600872
10475	 0.017492535
10478	 0.06997014
10584	 0.04229911
10601	 0.017492535
10627	 0.076064855
10644	 0.028683182
10696	 0.022600872
10853	 0.017492535
10962	 0.023881024
10969	 0.026062056
11025	 0.023881024
11034	 0.064124346
11062	 0.064124346
11090	 0.05488548
11138	 0.030134497
11185	 0.0
11284	 0.076064855
11305	 0.027877722
11338	 0.03894827
11346	 0.09988616
11432	 0.04994308
11529	 0.025026157
11592	 0.076064855
11615	 0.076064855
11636	 0.021149555
11653	 0.04663181
11784	 0.03981823
11792	 0.017492535
11860	 0.019474136
11861	 0.015067249
11880	 0.18290336
11895	 0.025026157
11935	 0.017492535
11954	 0.24387117
11962	 0.0075336243
12069	 0.034541383
12077	 0.023881024
12085	 0.06815763
12092	 0.10078705
12173	 0.0685213
12193	 0.03079341
12201	 0.058572322
12241	 0.019474136
12251	 0.031414647
12301	 0.03864209
12337	 0.04902728
12339	 0.0565609
12577	 0.07164307
12652	 0.085889935
12726	 0.035411347
12757	 0.041846182
12802	 0.021149555
12803	 0.1131218
12845	 0.03981823
12886	 0.13031028
12912	 0.017492535
12924	 0.076064855
12998	 0.0075336243
12999	 0.030134497
13097	 0.022600872
13152	 0.2055639
13185	 0.07818617
13197	 0.015067249
13201	 0.033090066
13284	 0.048157316
13285	 0.0075336243
13287	 0.017492535
13320	 0.027007759
