18	 0.040437512
28	 0.028251037
31	 0.058840845
43	 0.037354063
76	 0.056378763
80	 0.04774979
88	 0.025513228
107	 0.025513228
110	 0.030487988
125	 0.15388505
185	 0.052640803
187	 0.07238743
188	 0.07694045
194	 0.16308866
214	 0.062940106
246	 0.08793432
330	 0.038992397
368	 0.025513228
514	 0.02198358
575	 0.019746628
605	 0.03476146
608	 0.033225797
635	 0.05923988
680	 0.040883712
682	 0.028251037
770	 0.05391668
774	 0.03476146
806	 0.017008819
836	 0.045858476
976	 0.042132515
985	 0.04396716
1055	 0.04774979
1057	 0.04774979
1103	 0.054362886
1180	 0.12195195
1230	 0.16950622
1292	 0.080875024
1298	 0.019746628
1320	 0.034017637
1457	 0.046704967
1498	 0.034017637
1524	 0.054362886
1550	 0.13764824
1569	 0.06195804
1602	 0.030487988
1619	 0.052640803
1671	 0.0858666
1709	 0.04614718
1733	 0.033225797
1764	 0.04396716
1845	 0.023874896
1851	 0.031470053
2055	 0.025513228
2125	 0.017008819
2204	 0.050234616
2207	 0.080875024
2214	 0.030487988
2218	 0.043265864
2241	 0.05755941
2252	 0.051026456
2285	 0.040883712
2336	 0.07653969
2345	 0.06384936
2417	 0.04396716
2436	 0.13764824
2612	 0.039974466
2628	 0.15307938
2637	 0.040883712
2643	 0.02695834
2726	 0.06195804
2749	 0.008504409
2764	 0.023874896
2818	 0.04847887
2839	 0.051770277
2876	 0.077984795
2892	 0.039974466
2906	 0.023874896
2968	 0.029420422
2998	 0.038470224
3006	 0.03546275
3031	 0.02198358
3036	 0.043621525
3055	 0.03546275
3132	 0.060274687
3141	 0.033225797
3146	 0.028251037
3219	 0.043265864
3266	 0.034017637
3297	 0.07994893
3299	 0.037354063
3377	 0.02695834
3390	 0.060274687
3434	 0.05755941
3448	 0.05534495
3490	 0.050234616
3607	 0.07994893
3649	 0.02695834
3704	 0.038992397
3723	 0.05534495
3744	 0.038992397
3774	 0.030487988
3860	 0.025513228
3903	 0.045858476
3931	 0.05391668
3941	 0.10205291
3995	 0.077984795
4080	 0.080875024
4096	 0.023874896
4183	 0.036126114
4195	 0.06384936
4215	 0.05755941
4243	 0.07735098
4273	 0.033225797
4276	 0.033225797
4287	 0.037924834
4294	 0.052640803
4296	 0.041730206
4300	 0.04131426
4312	 0.038992397
4346	 0.031470053
4354	 0.06384936
4367	 0.040437512
4422	 0.053453635
4466	 0.089898445
4670	 0.032379307
4673	 0.017008819
4704	 0.13904583
4711	 0.031470053
4814	 0.01347917
4923	 0.05923988
5061	 0.04774979
5093	 0.058840845
5145	 0.046704967
5154	 0.032379307
5204	 0.036126114
5232	 0.01347917
5359	 0.025513228
5369	 0.040437512
5402	 0.019746628
5419	 0.060975976
5429	 0.033225797
5542	 0.032379307
5653	 0.025513228
5662	 0.042899594
5704	 0.03546275
5761	 0.031470053
5818	 0.029420422
5820	 0.065950744
5848	 0.030487988
5939	 0.02695834
5947	 0.023874896
5978	 0.034017637
5992	 0.02198358
6047	 0.036126114
6056	 0.07735098
6211	 0.039974466
6224	 0.07735098
6225	 0.01347917
6278	 0.039974466
6279	 0.033225797
6293	 0.040883712
6296	 0.03476146
6327	 0.034017637
6371	 0.023874896
6467	 0.12195195
6506	 0.04847887
6527	 0.043621525
6548	 0.039493255
6568	 0.02695834
6605	 0.019746628
6697	 0.031470053
6706	 0.02695834
6730	 0.062940106
6759	 0.019746628
6775	 0.028251037
6819	 0.019746628
6843	 0.023874896
6877	 0.036755446
6983	 0.019746628
7135	 0.042899594
7207	 0.029420422
7217	 0.02198358
7257	 0.06384936
7274	 0.051026456
7278	 0.043265864
7363	 0.040883712
7366	 0.02695834
7422	 0.028251037
7460	 0.04774979
7500	 0.046704967
7527	 0.1382264
7623	 0.023874896
7785	 0.056502074
7789	 0.034017637
7874	 0.03546275
7985	 0.034017637
8064	 0.041730206
8089	 0.034017637
8109	 0.01347917
8110	 0.10205291
8129	 0.06882412
8208	 0.034017637
8265	 0.062940106
8368	 0.05755941
8426	 0.04396716
8498	 0.033225797
8614	 0.025513228
8719	 0.038470224
8790	 0.060274687
8825	 0.019746628
8842	 0.017008819
8882	 0.04396716
8884	 0.07238743
8944	 0.040437512
9019	 0.008504409
9025	 0.032379307
9189	 0.042522047
9202	 0.11511882
9204	 0.05534495
9274	 0.039493255
9375	 0.048941918
9387	 0.043265864
9433	 0.065950744
9478	 0.051026456
9562	 0.07653969
9568	 0.02695834
9573	 0.043265864
9577	 0.023874896
9585	 0.053453635
9612	 0.028251037
9616	 0.023874896
9620	 0.05755941
9633	 0.040437512
9670	 0.038992397
9685	 0.044949222
9714	 0.060274687
9731	 0.02198358
9733	 0.030487988
9741	 0.036126114
9774	 0.017008819
9871	 0.036126114
10042	 0.040883712
10049	 0.06882412
10115	 0.0
10116	 0.0
10119	 0.10205291
10136	 0.040883712
10214	 0.030487988
10251	 0.030487988
10254	 0.031470053
10329	 0.023874896
10371	 0.06739585
10432	 0.033225797
10435	 0.025513228
10601	 0.17771964
10630	 0.029420422
10639	 0.038470224
10776	 0.049605284
10820	 0.05755941
10825	 0.045259856
10853	 0.019746628
10969	 0.058840845
11049	 0.036126114
11077	 0.019746628
11131	 0.039493255
11144	 0.023874896
11178	 0.02198358
11185	 0.0
11190	 0.028251037
11199	 0.02695834
11295	 0.034017637
11297	 0.02198358
11340	 0.045259856
11445	 0.056378763
11456	 0.058840845
11458	 0.025513228
11477	 0.039493255
11500	 0.036126114
11536	 0.04774979
11537	 0.04614718
11646	 0.21056321
11658	 0.06882412
11676	 0.04131426
11689	 0.039493255
11712	 0.052640803
11745	 0.05755941
11782	 0.05534495
11790	 0.04774979
11791	 0.056502074
11792	 0.05923988
11809	 0.028251037
11935	 0.019746628
11962	 0.008504409
11987	 0.06195804
12020	 0.058840845
12022	 0.07694045
12123	 0.033225797
12151	 0.02695834
12172	 0.031470053
12186	 0.03476146
12208	 0.017008819
12217	 0.02198358
12241	 0.02198358
12284	 0.047238495
12463	 0.025513228
12478	 0.056378763
12589	 0.07735098
12596	 0.05391668
12608	 0.034017637
12624	 0.07238743
12664	 0.07735098
12722	 0.10837834
12740	 0.056502074
12792	 0.06952292
12800	 0.04131426
12802	 0.023874896
12900	 0.033225797
12941	 0.06475861
12947	 0.039493255
12956	 0.080875024
12957	 0.07238743
12960	 0.056378763
12996	 0.02198358
12998	 0.008504409
13027	 0.056378763
13043	 0.02695834
13102	 0.06384936
13172	 0.05755941
13187	 0.02695834
13197	 0.017008819
13214	 0.028251037
13225	 0.046704967
13226	 0.058840845
13287	 0.019746628
13292	 0.0850441
13293	 0.10205291
