28	 0.030124888
31	 0.03137184
83	 0.027205486
88	 0.027205486
125	 0.14065032
137	 0.04157871
159	 0.036273982
194	 0.1159374
214	 0.03355742
246	 0.02344172
284	 0.052895535
421	 0.0820438
514	 0.02344172
519	 0.037067138
575	 0.021056393
605	 0.037067138
608	 0.03542962
635	 0.042112786
680	 0.04359547
682	 0.030124888
683	 0.04688344
770	 0.071866125
774	 0.037067138
806	 0.036273982
835	 0.02344172
956	 0.049802843
963	 0.07718878
976	 0.044927105
985	 0.02344172
1055	 0.10183393
1057	 0.025458483
1103	 0.0579687
1174	 0.039193384
1180	 0.032510214
1227	 0.044927105
1230	 0.15062444
1273	 0.049208056
1292	 0.114985794
1298	 0.06316918
1300	 0.12548736
1320	 0.05441097
1457	 0.049802843
1498	 0.036273982
1524	 0.1159374
1549	 0.07338913
1569	 0.06606763
1602	 0.032510214
1619	 0.05613239
1622	 0.037814945
1764	 0.02344172
1765	 0.052188165
1920	 0.08248156
2055	 0.027205486
2081	 0.07050562
2125	 0.018136991
2142	 0.048261877
2207	 0.071866125
2214	 0.032510214
2218	 0.04613563
2241	 0.061377246
2245	 0.036273982
2252	 0.027205486
2280	 0.034526978
2285	 0.04359547
2336	 0.027205486
2345	 0.1361688
2417	 0.04688344
2436	 0.07338913
2438	 0.09156201
2442	 0.06606763
2448	 0.02344172
2469	 0.034526978
2587	 0.052895535
2612	 0.08525183
2628	 0.16323291
2637	 0.04359547
2726	 0.06606763
2837	 0.02344172
2839	 0.055204127
2874	 0.02344172
2876	 0.16631484
2892	 0.042625915
2930	 0.045342475
3006	 0.037814945
3031	 0.07032516
3035	 0.03355742
3036	 0.04651488
3045	 0.030124888
3055	 0.07562989
3132	 0.06427262
3141	 0.03542962
3219	 0.04613563
3266	 0.036273982
3297	 0.08525183
3377	 0.028746448
3490	 0.05356661
3497	 0.02344172
3566	 0.021056393
3649	 0.028746448
3723	 0.0590159
3726	 0.048261877
3871	 0.04405458
3931	 0.057492897
3941	 0.072547965
4171	 0.021056393
4183	 0.03852231
4215	 0.061377246
4225	 0.13213526
4296	 0.088996224
4300	 0.04405458
4346	 0.03355742
4354	 0.0680844
4367	 0.043119676
4401	 0.042625915
4422	 0.05699914
4540	 0.08623935
4620	 0.055204127
4642	 0.032510214
4673	 0.018136991
4704	 0.037067138
4737	 0.028746448
4814	 0.014373224
4923	 0.042112786
4955	 0.050916966
4969	 0.03137184
5061	 0.025458483
5093	 0.06274368
5145	 0.049802843
5167	 0.021056393
5232	 0.014373224
5258	 0.06427262
5369	 0.014373224
5419	 0.032510214
5435	 0.018136991
5542	 0.034526978
5653	 0.027205486
5662	 0.04574506
5731	 0.014373224
5761	 0.03355742
5806	 0.04688344
5820	 0.04688344
5848	 0.032510214
5939	 0.014373224
5978	 0.036273982
5992	 0.02344172
6211	 0.042625915
6225	 0.028746448
6278	 0.08525183
6279	 0.07085924
6293	 0.04359547
6327	 0.036273982
6467	 0.032510214
6499	 0.039193384
6548	 0.021056393
6605	 0.021056393
6666	 0.03137184
6698	 0.04157871
6730	 0.06711484
6742	 0.06274368
6819	 0.021056393
6843	 0.025458483
7086	 0.032510214
7135	 0.04574506
7212	 0.0680844
7236	 0.042112786
7243	 0.037814945
7257	 0.0680844
7274	 0.05441097
7278	 0.09227126
7363	 0.04359547
7366	 0.028746448
7422	 0.030124888
7460	 0.050916966
7461	 0.039831705
7500	 0.049802843
7517	 0.028746448
7570	 0.07050562
7604	 0.052895535
7785	 0.060249776
7789	 0.036273982
7911	 0.021056393
7985	 0.072547965
7987	 0.03542962
8010	 0.052895535
8064	 0.044498112
8083	 0.0410219
8089	 0.036273982
8108	 0.027205486
8109	 0.014373224
8110	 0.081616454
8129	 0.07338913
8208	 0.018136991
8265	 0.03355742
8368	 0.061377246
8498	 0.03542962
8519	 0.03355742
8614	 0.027205486
8645	 0.036273982
8719	 0.0820438
8735	 0.047930643
8762	 0.021056393
8769	 0.018136991
8771	 0.027205486
8790	 0.06427262
8825	 0.021056393
8842	 0.018136991
8882	 0.09376688
8884	 0.07718878
8944	 0.057492897
8967	 0.052188165
9066	 0.037814945
9165	 0.03137184
9202	 0.061377246
9204	 0.0590159
9274	 0.06316918
9344	 0.048900202
9350	 0.032510214
9387	 0.04613563
9419	 0.061377246
9433	 0.02344172
9450	 0.044927105
9562	 0.081616454
9573	 0.04613563
9612	 0.030124888
9620	 0.061377246
9625	 0.048261877
9633	 0.014373224
9685	 0.047930643
9714	 0.06427262
9731	 0.02344172
9871	 0.03852231
10108	 0.03852231
10115	 0.0
10116	 0.0
10119	 0.05441097
10213	 0.021056393
10214	 0.032510214
10218	 0.036273982
10251	 0.032510214
10292	 0.07338913
10329	 0.050916966
10371	 0.08623935
10395	 0.05356661
10435	 0.05441097
10443	 0.025458483
10478	 0.021056393
10569	 0.061377246
10601	 0.23162033
10605	 0.0579687
10639	 0.0410219
10776	 0.10579107
10820	 0.061377246
10853	 0.021056393
10931	 0.06606763
11030	 0.028746448
11032	 0.03852231
11039	 0.04157871
11075	 0.034526978
11178	 0.02344172
11185	 0.0
11199	 0.028746448
11278	 0.07050562
11295	 0.036273982
11297	 0.02344172
11340	 0.048261877
11451	 0.03137184
11456	 0.06274368
11458	 0.027205486
11477	 0.042112786
11500	 0.03852231
11501	 0.018136991
11536	 0.025458483
11637	 0.027205486
11676	 0.04405458
11689	 0.08422557
11791	 0.030124888
11792	 0.06316918
11935	 0.021056393
11962	 0.009068496
11987	 0.13213526
12074	 0.05356661
12123	 0.03542962
12128	 0.03542962
12144	 0.06427262
12208	 0.018136991
12241	 0.02344172
12284	 0.05037176
12393	 0.0680844
12463	 0.018136991
12596	 0.028746448
12608	 0.018136991
12624	 0.07718878
12629	 0.04574506
12722	 0.15408924
12800	 0.04405458
12900	 0.03542962
12941	 0.069053955
12947	 0.021056393
12956	 0.057492897
12957	 0.07718878
12960	 0.060118284
12995	 0.09156201
12998	 0.009068496
13004	 0.05699914
13027	 0.060118284
13102	 0.0680844
13172	 0.061377246
13187	 0.014373224
13197	 0.018136991
13214	 0.030124888
13225	 0.049802843
13226	 0.06274368
13285	 0.009068496
13287	 0.021056393
13292	 0.036273982
13293	 0.13602743
