31	 0.023837432
74	 0.035055485
140	 0.02184257
166	 0.04484237
240	 0.017811848
248	 0.036671083
257	 0.050200526
258	 0.030727997
275	 0.02623482
588	 0.027562255
709	 0.08781184
736	 0.02184257
773	 0.027562255
806	 0.0137811275
828	 0.05865077
922	 0.026920678
944	 0.027562255
952	 0.02978052
996	 0.031998787
1083	 0.053572662
1206	 0.0401919
1211	 0.029270615
1288	 0.028164923
1298	 0.015999394
1500	 0.02184257
1596	 0.047674865
1638	 0.05865077
1658	 0.010921285
1679	 0.07737703
1754	 0.44099608
1809	 0.02067169
1865	 0.10040105
1891	 0.019344257
1968	 0.048836615
2004	 0.03445282
2015	 0.069572054
2042	 0.031998787
2104	 0.038688514
2110	 0.027562255
2125	 0.0137811275
2214	 0.02470241
2245	 0.04134338
2299	 0.022889957
2338	 0.042651378
2367	 0.03238868
2389	 0.036671083
2448	 0.017811848
2486	 0.11730154
2546	 0.034137204
2548	 0.0068905638
2597	 0.12351205
2601	 0.050200526
2723	 0.02184257
2752	 0.0401919
2805	 0.069572054
2819	 0.05865077
2837	 0.017811848
2840	 0.04404667
2850	 0.015999394
2854	 0.027562255
2862	 0.025498115
2887	 0.09534973
2896	 0.038274243
2957	 0.063997574
3005	 0.047674865
3073	 0.017811848
3101	 0.0068905638
3102	 0.034137204
3109	 0.03927924
3116	 0.048836615
3146	 0.022889957
3254	 0.10040105
3265	 0.03927924
3497	 0.017811848
3558	 0.10042268
3566	 0.015999394
3572	 0.037156105
3603	 0.04368514
3624	 0.050200526
3680	 0.03026554
3683	 0.035055485
3689	 0.042651378
3792	 0.03116989
3875	 0.03116989
3883	 0.053572662
3899	 0.069572054
3902	 0.038688514
3941	 0.0137811275
3949	 0.02623482
3987	 0.069572054
4032	 0.015999394
4067	 0.02623482
4096	 0.019344257
4201	 0.035055485
4287	 0.061455995
4304	 0.03238868
4323	 0.06233978
4331	 0.04568
4642	 0.02470241
4650	 0.022889957
4673	 0.0137811275
4693	 0.04368514
4802	 0.05512451
4812	 0.1408246
4814	 0.010921285
4822	 0.20987856
4846	 0.06267241
4991	 0.05865077
4992	 0.06267241
4994	 0.05865077
5014	 0.04568
5105	 0.069572054
5191	 0.05099623
5200	 0.0364194
5232	 0.010921285
5260	 0.069572054
5308	 0.05173293
5380	 0.04194605
5395	 0.028733132
5405	 0.053572662
5440	 0.010921285
5448	 0.043309964
5459	 0.055763658
5479	 0.053572662
5490	 0.05865077
5499	 0.055763658
5561	 0.09136
5571	 0.053841356
5614	 0.023837432
5631	 0.03116989
5653	 0.02067169
5726	 0.03116989
5848	 0.02470241
5866	 0.09136
5949	 0.04568
5976	 0.06267241
5992	 0.035623696
6042	 0.037390023
6049	 0.03238868
6075	 0.03026554
6086	 0.12795414
6099	 0.047674865
6146	 0.02067169
6190	 0.028164923
6279	 0.026920678
6327	 0.0068905638
6332	 0.02184257
6354	 0.053572662
6371	 0.038688514
6505	 0.03238868
6519	 0.05865077
6548	 0.031998787
6568	 0.04368514
6578	 0.05865077
6666	 0.023837432
6684	 0.0401919
6690	 0.043309964
6705	 0.055763658
6706	 0.010921285
6759	 0.015999394
6778	 0.0401919
6797	 0.015999394
6844	 0.02067169
6852	 0.1929358
6877	 0.02978052
6942	 0.043309964
7012	 0.031998787
7039	 0.07855848
7069	 0.037390023
7207	 0.023837432
7225	 0.05512451
7236	 0.015999394
7308	 0.05865077
7319	 0.037390023
7359	 0.08268676
7464	 0.04404667
7465	 0.11024902
7527	 0.031998787
7548	 0.04134338
7618	 0.03927924
7619	 0.04484237
7680	 0.04134338
7774	 0.032763854
7804	 0.017811848
7853	 0.025498115
7860	 0.0
7911	 0.04799818
8018	 0.033125382
8021	 0.03445282
8083	 0.03116989
8109	 0.032763854
8213	 0.017811848
8252	 0.053572662
8352	 0.04404667
8411	 0.0364194
8500	 0.015999394
8509	 0.03238868
8519	 0.025498115
8614	 0.0068905638
8617	 0.047674865
8648	 0.02184257
8735	 0.1456776
8771	 0.12403014
8825	 0.015999394
8842	 0.0137811275
8847	 0.03238868
8849	 0.028164923
8908	 0.053572662
8917	 0.04404667
8960	 0.0364194
9019	 0.0137811275
9022	 0.0137811275
9037	 0.03534365
9078	 0.023837432
9185	 0.053435545
9251	 0.05173293
9306	 0.06866987
9316	 0.047674865
9344	 0.037156105
9358	 0.04134338
9478	 0.04134338
9479	 0.019344257
9513	 0.05246964
9539	 0.03534365
9578	 0.03534365
9634	 0.05173293
9639	 0.05956104
9678	 0.031592976
9684	 0.02067169
9692	 0.02184257
9754	 0.050200526
9774	 0.0137811275
9819	 0.05865077
9849	 0.015999394
9882	 0.04404667
9944	 0.12291199
9952	 0.05865077
9955	 0.047674865
10004	 0.028164923
10102	 0.047674865
10110	 0.03238868
10116	 0.0
10376	 0.023837432
10428	 0.057466265
10429	 0.06201507
10438	 0.02978052
10443	 0.019344257
10475	 0.079996966
10478	 0.04799818
10496	 0.06267241
10630	 0.023837432
10639	 0.06233978
10669	 0.05865077
10690	 0.03784196
10691	 0.12583815
10694	 0.037390023
10706	 0.0401919
10711	 0.05865077
10754	 0.025498115
10792	 0.043309964
10798	 0.028733132
10853	 0.015999394
10962	 0.06552771
10989	 0.029270615
10996	 0.06201507
11077	 0.031998787
11079	 0.0364194
11096	 0.02978052
11128	 0.19715446
11144	 0.019344257
11185	 0.0
11190	 0.022889957
11199	 0.02184257
11225	 0.042651378
11315	 0.03784196
11471	 0.035055485
11535	 0.05865077
11537	 0.037390023
11637	 0.02067169
11647	 0.019344257
11773	 0.06552771
11803	 0.023837432
11851	 0.03445282
11860	 0.017811848
11890	 0.06866987
11900	 0.069572054
11950	 0.038688514
11962	 0.027562255
12006	 0.032763854
12014	 0.03238868
12031	 0.015999394
12057	 0.02623482
12097	 0.03026554
12121	 0.02978052
12133	 0.053572662
12217	 0.035623696
12241	 0.035623696
12251	 0.028733132
12257	 0.048836615
12274	 0.046636604
12596	 0.010921285
12655	 0.05173293
12734	 0.02470241
12800	 0.033474226
12849	 0.017811848
12879	 0.010921285
12911	 0.010921285
12986	 0.03116989
12996	 0.017811848
13037	 0.017811848
13097	 0.06201507
13112	 0.0706873
13166	 0.038688514
13171	 0.04194605
13186	 0.038688514
13187	 0.02184257
13285	 0.0137811275
13287	 0.04799818
