9	 0.030831233
31	 0.023917519
77	 0.034875493
198	 0.027654855
212	 0.021915952
214	 0.025583778
246	 0.053615067
248	 0.073588565
250	 0.06980579
307	 0.08477864
433	 0.06574786
519	 0.05651909
567	 0.039411202
577	 0.023917519
608	 0.1350556
609	 0.031699114
660	 0.049000684
666	 0.02074114
680	 0.03323667
770	 0.010957976
806	 0.027654855
831	 0.05765933
881	 0.20419274
893	 0.06913713
985	 0.035743378
1015	 0.02632296
1058	 0.03546239
1078	 0.021915952
1180	 0.024785401
1276	 0.16053145
1320	 0.06913713
1456	 0.028259546
1500	 0.021915952
1549	 0.055951003
1579	 0.024785401
1674	 0.03751564
1678	 0.030831233
1686	 0.35470083
1711	 0.06288297
1764	 0.017871689
1765	 0.07957528
1841	 0.049000684
1851	 0.025583778
1891	 0.019409247
2050	 0.060734443
2068	 0.03601667
2110	 0.013827427
2120	 0.111902006
2125	 0.013827427
2199	 0.051906735
2207	 0.15341166
2252	 0.02074114
2257	 0.025583778
2336	 0.08296456
2352	 0.021915952
2397	 0.02074114
2420	 0.03978764
2424	 0.03127461
2436	 0.055951003
2437	 0.013827427
2464	 0.03978764
2548	 0.013827427
2598	 0.051906735
2612	 0.12998997
2628	 0.02074114
2637	 0.03323667
2643	 0.021915952
2749	 0.0069137136
2782	 0.022966858
2874	 0.017871689
2876	 0.06339823
2906	 0.038818493
2943	 0.095670074
2968	 0.023917519
3024	 0.021915952
3031	 0.035743378
3035	 0.025583778
3101	 0.013827427
3123	 0.06288297
3230	 0.03601667
3273	 0.055951003
3310	 0.06980579
3327	 0.034251895
3498	 0.016053146
3519	 0.03287393
3566	 0.016053146
3573	 0.07092478
3778	 0.04583347
3798	 0.047835037
3941	 0.013827427
3964	 0.03978764
4060	 0.06288297
4067	 0.02632296
4080	 0.043831903
4312	 0.031699114
4323	 0.03127461
4338	 0.03210629
4350	 0.055951003
4367	 0.043831903
4397	 0.16125794
4400	 0.023917519
4512	 0.016053146
4514	 0.040838547
4561	 0.040326927
4673	 0.013827427
4684	 0.053752646
4765	 0.013827427
4788	 0.016053146
4814	 0.021915952
4923	 0.016053146
4969	 0.11958759
5093	 0.023917519
5220	 0.03601667
5232	 0.010957976
5282	 0.067849666
5334	 0.021915952
5359	 0.02074114
5369	 0.043831903
5402	 0.016053146
5463	 0.055951003
5503	 0.06980579
5542	 0.078968875
5731	 0.03287393
5743	 0.03249749
5806	 0.035743378
5859	 0.027011123
5877	 0.045933716
5907	 0.04208697
5939	 0.03287393
5947	 0.019409247
5957	 0.075938195
6146	 0.02074114
6152	 0.03546239
6289	 0.11645547
6368	 0.013827427
6447	 0.21397336
6467	 0.024785401
6617	 0.013827427
6666	 0.023917519
6697	 0.025583778
6730	 0.051167555
6759	 0.016053146
6797	 0.016053146
6975	 0.04148228
6977	 0.030831233
6978	 0.040326927
7022	 0.036794282
7093	 0.21397336
7135	 0.034875493
7147	 0.02632296
7197	 0.043455467
7202	 0.058847815
7212	 0.051906735
7236	 0.016053146
7360	 0.058847815
7366	 0.03287393
7461	 0.030367222
7527	 0.016053146
7774	 0.010957976
7785	 0.022966858
7789	 0.05530971
7804	 0.017871689
7853	 0.025583778
7860	 0.0
7911	 0.016053146
7985	 0.027654855
7987	 0.027011123
8094	 0.043831903
8110	 0.07605085
8213	 0.017871689
8265	 0.025583778
8392	 0.043455467
8471	 0.051906735
8498	 0.054022245
8502	 0.028829666
8520	 0.05036918
8544	 0.055951003
8545	 0.03978764
8606	 0.03210629
8613	 0.08296456
8638	 0.04279467
8645	 0.05530971
8705	 0.037969097
8706	 0.03751564
8711	 0.028829666
8762	 0.048159435
8769	 0.013827427
8896	 0.03751564
8900	 0.013827427
8970	 0.034568567
9015	 0.033924833
9019	 0.0069137136
9051	 0.049000684
9074	 0.05651909
9165	 0.023917519
9177	 0.051906735
9185	 0.017871689
9241	 0.04279467
9274	 0.03210629
9350	 0.024785401
9431	 0.040326927
9452	 0.022966858
9513	 0.02632296
9555	 0.033924833
9568	 0.021915952
9577	 0.019409247
9612	 0.045933716
9633	 0.010957976
9684	 0.013827427
9731	 0.017871689
9902	 0.028259546
9999	 0.04208697
10004	 0.028259546
10047	 0.016053146
10115	 0.0
10116	 0.0
10119	 0.013827427
10214	 0.123927005
10254	 0.051167555
10316	 0.023917519
10371	 0.043831903
10435	 0.02074114
10443	 0.038818493
10601	 0.08026572
10652	 0.02074114
10705	 0.06980579
10797	 0.046793286
10995	 0.023917519
11000	 0.05530971
11025	 0.043831903
11030	 0.021915952
11032	 0.058737908
11077	 0.03210629
11079	 0.036541753
11185	 0.0
11199	 0.021915952
11222	 0.036541753
11297	 0.017871689
11329	 0.040838547
11450	 0.24503127
11465	 0.051906735
11501	 0.013827427
11528	 0.04148228
11536	 0.058227737
11637	 0.02074114
11678	 0.03978764
11682	 0.13827427
11712	 0.04279467
11791	 0.022966858
11792	 0.048159435
11895	 0.13780114
11971	 0.038402833
11975	 0.029368954
12083	 0.06980579
12090	 0.037969097
12110	 0.051906735
12113	 0.031699114
12121	 0.029880572
12180	 0.05530971
12217	 0.053615067
12463	 0.034568567
12471	 0.03323667
12528	 0.051906735
12596	 0.043831903
12608	 0.04148228
12629	 0.034875493
12740	 0.022966858
12745	 0.035743378
12792	 0.028259546
12855	 0.10750529
12879	 0.010957976
12941	 0.02632296
12947	 0.016053146
12956	 0.021915952
12963	 0.1886489
12996	 0.053615067
12998	 0.02074114
13154	 0.09509734
13187	 0.010957976
13197	 0.013827427
13201	 0.030367222
13292	 0.013827427
13293	 0.08296456
13368	 0.036541753
