18	 0.040317412
88	 0.025437454
121	 0.033127118
125	 0.043836575
185	 0.052484456
204	 0.035357423
214	 0.06275317
330	 0.03887659
354	 0.1412946
368	 0.025437454
432	 0.025437454
433	 0.040317412
492	 0.038355965
541	 0.07712124
552	 0.058666088
575	 0.01968798
635	 0.01968798
714	 0.085611574
720	 0.01968798
770	 0.053756546
803	 0.085611574
806	 0.033916607
835	 0.021918288
864	 0.03724312
954	 0.06861971
985	 0.021918288
1057	 0.023803987
1078	 0.040317412
1180	 0.09119231
1202	 0.038355965
1221	 0.03601882
1230	 0.02816713
1276	 0.03937596
1292	 0.16126965
1320	 0.13566643
1378	 0.05738846
1468	 0.025437454
1573	 0.042772178
1602	 0.030397438
1658	 0.013439137
1673	 0.07217243
1700	 0.20585912
1724	 0.029333044
1730	 0.19333956
1759	 0.18532206
1957	 0.085611574
2024	 0.04601012
2028	 0.07217243
2049	 0.034658216
2055	 0.025437454
2125	 0.016958304
2197	 0.07712124
2207	 0.080634825
2218	 0.043137364
2313	 0.051616516
2319	 0.05738846
2373	 0.033916607
2397	 0.025437454
2437	 0.016958304
2545	 0.056211315
2548	 0.016958304
2599	 0.07712124
2612	 0.03985574
2639	 0.036646284
2719	 0.04833489
2782	 0.02816713
2838	 0.036646284
2867	 0.031376585
3024	 0.026878273
3031	 0.021918288
3036	 0.086983934
3037	 0.07712124
3101	 0.016958304
3141	 0.033127118
3161	 0.0931325
3413	 0.034658216
3518	 0.050874908
3573	 0.043491967
3648	 0.05738846
3649	 0.026878273
3795	 0.050085418
3803	 0.03228314
3887	 0.047098197
3931	 0.053756546
3941	 0.08479152
4022	 0.11477692
4131	 0.065923594
4164	 0.040317412
4221	 0.045125432
4325	 0.03887659
4338	 0.01968798
4380	 0.03937596
4400	 0.058666088
4505	 0.044815723
4512	 0.01968798
4532	 0.061774023
4540	 0.040317412
4559	 0.058666088
4650	 0.02816713
4765	 0.016958304
4786	 0.03228314
4814	 0.013439137
4872	 0.044171743
4923	 0.03937596
4969	 0.029333044
5093	 0.029333044
5220	 0.044171743
5232	 0.013439137
5233	 0.07712124
5361	 0.047607973
5429	 0.033127118
5440	 0.013439137
5602	 0.085611574
5610	 0.03985574
5613	 0.18839279
5845	 0.025437454
5849	 0.054201428
5907	 0.051616516
5939	 0.080634825
5978	 0.067833215
5981	 0.085611574
5988	 0.066254236
5992	 0.06575487
6059	 0.085611574
6118	 0.09759312
6225	 0.013439137
6293	 0.040762287
6327	 0.008479152
6368	 0.016958304
6467	 0.09119231
6474	 0.19777077
6544	 0.021918288
6592	 0.043836575
6612	 0.026878273
6692	 0.025437454
6706	 0.013439137
6724	 0.023803987
6753	 0.021918288
6775	 0.02816713
6777	 0.037812196
6819	 0.01968798
6937	 0.085611574
6986	 0.016958304
7012	 0.03937596
7062	 0.035357423
7135	 0.042772178
7236	 0.03937596
7245	 0.059063938
7317	 0.050874908
7359	 0.025437454
7366	 0.026878273
7382	 0.052484456
7396	 0.041606266
7462	 0.03601882
7528	 0.080634825
7548	 0.033916607
7702	 0.070714846
7717	 0.050874908
7747	 0.031376585
7785	 0.02816713
7804	 0.021918288
7833	 0.036646284
7855	 0.034658216
7987	 0.033127118
7990	 0.03228314
8021	 0.042395756
8094	 0.026878273
8109	 0.013439137
8110	 0.016958304
8208	 0.016958304
8213	 0.06575487
8265	 0.031376585
8320	 0.021918288
8433	 0.038355965
8464	 0.07712124
8508	 0.05738846
8614	 0.008479152
8616	 0.05738846
8619	 0.07217243
8632	 0.03937596
8701	 0.034658216
8762	 0.01968798
8769	 0.033916607
8793	 0.033916607
8797	 0.09202024
8836	 0.03937596
8900	 0.016958304
8952	 0.040762287
9007	 0.07631236
9015	 0.041606266
9016	 0.034658216
9019	 0.016958304
9023	 0.026878273
9076	 0.043137364
9091	 0.042772178
9120	 0.02816713
9126	 0.056211315
9165	 0.029333044
9208	 0.037812196
9211	 0.047607973
9362	 0.14434487
9433	 0.021918288
9478	 0.025437454
9479	 0.023803987
9499	 0.031376585
9578	 0.043491967
9612	 0.02816713
9616	 0.023803987
9623	 0.034658216
9625	 0.045125432
9633	 0.013439137
9660	 0.055180572
9670	 0.03887659
9674	 0.044815723
9684	 0.008479152
9731	 0.021918288
9774	 0.016958304
9781	 0.042395756
9783	 0.054201428
9953	 0.035357423
9973	 0.03724312
9993	 0.06861971
10001	 0.029333044
10116	 0.0
10136	 0.08152457
10214	 0.030397438
10228	 0.049457956
10301	 0.07712124
10371	 0.013439137
10379	 0.025437454
10435	 0.025437454
10449	 0.038355965
10470	 0.040762287
10476	 0.06365972
10519	 0.24709609
10674	 0.07712124
10676	 0.065923594
10680	 0.03887659
10853	 0.01968798
10854	 0.04601012
10952	 0.06009567
10953	 0.17122315
10995	 0.029333044
11006	 0.044171743
11082	 0.06861971
11178	 0.021918288
11185	 0.0
11354	 0.060794875
11371	 0.045125432
11458	 0.025437454
11501	 0.050874908
11536	 0.14282392
11554	 0.051616516
11676	 0.041191556
11765	 0.04601012
11790	 0.047607973
11791	 0.02816713
11792	 0.01968798
11890	 0.02816713
11938	 0.03228314
11962	 0.025437454
11975	 0.03601882
12006	 0.040317412
12031	 0.01968798
12074	 0.050085418
12111	 0.045125432
12208	 0.016958304
12463	 0.016958304
12498	 0.06009567
12596	 0.026878273
12603	 0.07217243
12604	 0.065923594
12608	 0.016958304
12726	 0.03985574
12774	 0.085611574
12900	 0.033127118
12912	 0.01968798
13009	 0.061774023
13030	 0.07712124
13037	 0.021918288
13072	 0.021918288
13129	 0.050874908
13164	 0.06931643
13208	 0.035357423
13292	 0.033916607
13293	 0.12718727
