40	 0.040587515
116	 0.04250217
118	 0.0354225
159	 0.023987241
193	 0.054543365
208	 0.029709375
275	 0.022831984
357	 0.033670347
578	 0.013924161
588	 0.047974482
654	 0.031695552
709	 0.07642204
720	 0.013924161
736	 0.038018875
774	 0.024511738
777	 0.025006248
790	 0.060548082
922	 0.023428882
944	 0.023987241
1015	 0.045663968
1087	 0.04662392
1295	 0.0329336
1427	 0.019920971
1447	 0.0371192
1468	 0.017990429
1588	 0.02712694
1655	 0.030508546
1658	 0.009504719
1674	 0.03254028
1679	 0.033670347
1690	 0.017990429
1707	 0.05104336
1712	 0.015501529
1754	 0.023987241
1760	 0.04250217
1875	 0.025474014
1878	 0.088763334
1885	 0.020745553
1912	 0.0329336
1963	 0.013924161
2008	 0.031914588
2084	 0.025474014
2110	 0.023987241
2125	 0.035980858
2130	 0.030508546
2152	 0.0371192
2156	 0.029984048
2234	 0.038333513
2242	 0.033670347
2266	 0.044381667
2292	 0.067340694
2324	 0.019920971
2365	 0.019009437
2374	 0.038333513
2385	 0.045022815
2394	 0.034978732
2432	 0.054990295
2448	 0.062006116
2513	 0.076667026
2597	 0.021498337
2657	 0.18164425
2664	 0.068368904
2707	 0.02633989
2831	 0.05104336
2850	 0.013924161
2855	 0.04662392
2905	 0.019009437
2931	 0.03254028
2957	 0.32025573
3086	 0.054543365
3233	 0.039026007
3293	 0.020745553
3313	 0.029132389
3326	 0.04662392
3338	 0.060548082
3377	 0.057028312
3413	 0.024511738
3426	 0.028187644
3542	 0.02712694
3603	 0.038018875
3606	 0.022190833
3691	 0.011993621
3706	 0.054543365
3836	 0.049023475
3845	 0.024511738
3898	 0.023428882
3922	 0.013924161
3928	 0.10255335
3971	 0.034184452
3991	 0.062006116
4023	 0.023987241
4095	 0.0371192
4101	 0.019009437
4106	 0.05104336
4109	 0.057657585
4160	 0.022831984
4174	 0.028514156
4205	 0.060548082
4304	 0.084562935
4325	 0.027495148
4348	 0.041491106
4386	 0.041491106
4405	 0.05104336
4466	 0.031695552
4596	 0.023428882
4673	 0.011993621
4693	 0.019009437
4696	 0.041491106
4736	 0.023987241
4737	 0.019009437
4780	 0.05104336
4788	 0.013924161
4793	 0.33670345
4802	 0.023987241
4806	 0.04250217
4812	 0.09804695
4822	 0.045663968
4840	 0.039026007
4923	 0.041772485
5225	 0.031003058
5250	 0.060548082
5278	 0.033670347
5282	 0.02942569
5307	 0.025006248
5316	 0.045022815
5331	 0.020745553
5354	 0.033670347
5357	 0.060548082
5402	 0.013924161
5440	 0.019009437
5531	 0.10908673
5534	 0.05104336
5571	 0.023428882
5688	 0.016835174
5731	 0.019009437
5749	 0.031003058
5754	 0.020745553
5770	 0.029709375
5862	 0.022831984
5937	 0.029984048
5992	 0.031003058
6075	 0.02633989
6102	 0.069957465
6121	 0.05267978
6146	 0.035980858
6149	 0.03769236
6156	 0.03769236
6160	 0.03975499
6165	 0.027848322
6225	 0.009504719
6292	 0.045022815
6327	 0.0059968103
6463	 0.02712694
6469	 0.030508546
6482	 0.045022815
6544	 0.015501529
6589	 0.0742384
6592	 0.015501529
6605	 0.013924161
6617	 0.011993621
6688	 0.0323367
6753	 0.015501529
6778	 0.034978732
6840	 0.022190833
6844	 0.017990429
6915	 0.04250217
6970	 0.03769236
6983	 0.013924161
6986	 0.023987241
7013	 0.042996675
7069	 0.03254028
7071	 0.031914588
7080	 0.028828792
7104	 0.039026007
7176	 0.04368917
7178	 0.060548082
7194	 0.041491106
7225	 0.023987241
7303	 0.027495148
7324	 0.060548082
7381	 0.097469136
7414	 0.05104336
7418	 0.060548082
7465	 0.023987241
7479	 0.04662392
7494	 0.035980858
7499	 0.031240102
7527	 0.013924161
7528	 0.019009437
7540	 0.041491106
7667	 0.05104336
7672	 0.060548082
7774	 0.04752359
7814	 0.048530728
7820	 0.05104336
7825	 0.060548082
7836	 0.08500434
7860	 0.0
7955	 0.03769236
8045	 0.016835174
8083	 0.02712694
8089	 0.023987241
8094	 0.019009437
8109	 0.009504719
8191	 0.060548082
8208	 0.011993621
8213	 0.015501529
8216	 0.022831984
8217	 0.031003058
8253	 0.02712694
8295	 0.041491106
8310	 0.036505356
8315	 0.060548082
8320	 0.015501529
8362	 0.05104336
8415	 0.031003058
8500	 0.041772485
8526	 0.016835174
8554	 0.03254028
8614	 0.0059968103
8701	 0.024511738
8749	 0.035980858
8764	 0.017990429
8769	 0.011993621
8771	 0.017990429
8839	 0.020745553
8875	 0.020745553
8984	 0.025474014
9014	 0.040587515
9019	 0.011993621
9022	 0.011993621
9037	 0.030759336
9042	 0.030759336
9098	 0.0329336
9154	 0.021498337
9185	 0.031003058
9306	 0.25897262
9379	 0.060548082
9479	 0.016835174
9499	 0.044381667
9531	 0.060548082
9570	 0.038333513
9648	 0.022190833
9665	 0.1425708
9678	 0.027495148
9692	 0.1520755
9753	 0.035980858
9762	 0.020745553
9774	 0.011993621
9832	 0.034978732
9844	 0.034978732
9882	 0.038333513
9891	 0.060548082
9892	 0.060548082
9893	 0.060548082
9909	 0.071961716
9934	 0.03254028
9938	 0.02712694
9943	 0.05104336
9996	 0.03769236
10008	 0.041491106
10084	 0.060548082
10091	 0.05104336
10108	 0.025474014
10116	 0.0
10135	 0.03769236
10258	 0.054543365
10276	 0.054543365
10334	 0.20548785
10348	 0.015501529
10428	 0.17504372
10429	 0.21588516
10431	 0.045022815
10435	 0.017990429
10475	 0.013924161
10484	 0.011993621
10490	 0.035980858
10665	 0.045022815
10680	 0.027495148
10795	 0.04368917
10823	 0.045022815
10962	 0.019009437
10967	 0.05104336
11030	 0.019009437
11048	 0.045022815
11049	 0.07642204
11050	 0.045663968
11077	 0.013924161
11100	 0.054543365
11128	 0.024511738
11130	 0.04662392
11149	 0.0658672
11185	 0.0
11188	 0.048530728
11200	 0.060548082
11237	 0.060548082
11303	 0.023987241
11368	 0.041491106
11431	 0.0323367
11682	 0.023987241
11689	 0.027848322
11734	 0.023428882
11735	 0.015501529
11752	 0.028828792
11773	 0.019009437
11860	 0.015501529
11879	 0.0354225
11891	 0.016835174
11893	 0.048530728
11950	 0.033670347
12057	 0.022831984
12151	 0.019009437
12186	 0.049023475
12208	 0.023987241
12245	 0.095743775
12254	 0.028187644
12388	 0.025474014
12518	 0.03975499
12555	 0.031240102
12596	 0.009504719
12630	 0.03975499
12726	 0.084562935
12734	 0.021498337
12742	 0.016835174
12792	 0.024511738
12795	 0.03254028
12845	 0.031695552
12849	 0.015501529
12852	 0.023987241
12879	 0.009504719
12947	 0.041772485
12979	 0.0371192
13049	 0.053484727
13095	 0.027495148
13097	 0.017990429
13107	 0.016835174
13114	 0.033670347
13151	 0.054543365
13187	 0.009504719
13285	 0.029984051
13311	 0.042996675
