115	 0.015153327
121	 0.018676275
206	 0.031690594
433	 0.060613308
520	 0.04263522
575	 0.011099611
642	 0.02823696
666	 0.0143410275
720	 0.044398446
733	 0.026252938
734	 0.03640092
736	 0.015153327
772	 0.030306654
785	 0.038686153
835	 0.012357006
985	 0.012357006
1057	 0.013420117
1132	 0.045459982
1211	 0.020306548
1276	 0.022199223
1468	 0.0143410275
1481	 0.019933669
1488	 0.02131761
1498	 0.076485485
1500	 0.015153327
1572	 0.034826715
1579	 0.06854939
1613	 0.040689092
1622	 0.019933669
1658	 0.0075766635
1661	 0.07433229
1672	 0.009560686
1724	 0.016537268
1841	 0.067761
1874	 0.028682055
1921	 0.037166145
1958	 0.05187881
2110	 0.019121371
2118	 0.0338805
2186	 0.025939405
2205	 0.022199223
2216	 0.04347911
2234	 0.030557467
2245	 0.009560686
2268	 0.023456616
2274	 0.019933669
2420	 0.027510332
2443	 0.037166145
2471	 0.025440639
2505	 0.037166145
2548	 0.004780343
2551	 0.02958948
2655	 0.04347911
2660	 0.015879953
2723	 0.015153327
2837	 0.012357006
2862	 0.017689368
2876	 0.02191769
2926	 0.024714012
2948	 0.01820046
2987	 0.02958948
3018	 0.07177965
3021	 0.022980802
3073	 0.049428023
3108	 0.017689368
3111	 0.02131761
3144	 0.09100231
3150	 0.02411393
3188	 0.031109486
3251	 0.034826715
3301	 0.04383538
3305	 0.0143410275
3377	 0.015153327
3398	 0.02131761
3404	 0.026552835
3445	 0.034826715
3453	 0.027250053
3498	 0.011099611
3607	 0.022469712
3691	 0.009560686
3712	 0.030557467
3714	 0.040689092
3775	 0.031109486
3816	 0.019539472
3879	 0.031109486
3922	 0.011099611
3925	 0.077372305
3978	 0.019539472
4009	 0.015153327
4032	 0.06659767
4038	 0.012357006
4049	 0.0338805
4067	 0.03640092
4101	 0.015153327
4113	 0.017689368
4160	 0.01820046
4166	 0.023456616
4338	 0.011099611
4380	 0.011099611
4400	 0.016537268
4418	 0.020306548
4449	 0.034826715
4486	 0.048265755
4505	 0.02526603
4513	 0.017689368
4529	 0.048265755
4578	 0.017137347
4650	 0.015879953
4673	 0.009560686
4680	 0.048265755
4734	 0.040689092
4746	 0.028682055
4765	 0.019121371
4810	 0.0143410275
4814	 0.03788332
4864	 0.080520704
4879	 0.05736411
4924	 0.048265755
4951	 0.058200315
5011	 0.26087466
5061	 0.013420117
5080	 0.068942405
5097	 0.017689368
5160	 0.03235424
5195	 0.022469712
5232	 0.022729991
5257	 0.02958948
5305	 0.04347911
5306	 0.04863963
5343	 0.05187881
5354	 0.013420117
5369	 0.0075766635
5395	 0.019933669
5402	 0.011099611
5413	 0.035889827
5554	 0.015879953
5555	 0.09332845
5696	 0.02823696
5731	 0.0075766635
5806	 0.012357006
5859	 0.018676275
5862	 0.01820046
5908	 0.030557467
6151	 0.015153327
6173	 0.027883211
6212	 0.048265755
6225	 0.03788332
6313	 0.048265755
6329	 0.040689092
6368	 0.019121371
6501	 0.035889827
6512	 0.029100157
6516	 0.11605845
6548	 0.011099611
6605	 0.011099611
6689	 0.5309233
6697	 0.017689368
6706	 0.030306654
6724	 0.013420117
6753	 0.024714012
6759	 0.011099611
6775	 0.015879953
6777	 0.02131761
6789	 0.031109486
6797	 0.011099611
6800	 0.019539472
6819	 0.022199223
6843	 0.040260352
6844	 0.0143410275
6983	 0.011099611
7013	 0.017137347
7048	 0.2371635
7099	 0.034826715
7133	 0.16177118
7140	 0.022469712
7201	 0.03235424
7245	 0.011099611
7278	 0.024319815
7286	 0.04347911
7287	 0.02958948
7366	 0.030306654
7381	 0.011099611
7407	 0.052505877
7460	 0.093940824
7462	 0.020306548
7517	 0.030306654
7528	 0.015153327
7579	 0.026840234
7600	 0.019539472
7613	 0.031690594
7615	 0.06966844
7626	 0.033074535
7759	 0.048265755
7804	 0.012357006
7822	 0.011099611
7887	 0.04347911
7889	 0.11605845
7993	 0.019933669
8045	 0.013420117
8108	 0.0143410275
8109	 0.03788332
8121	 0.030046375
8141	 0.01820046
8213	 0.024714012
8249	 0.015153327
8320	 0.012357006
8415	 0.024714012
8417	 0.049428023
8483	 0.019933669
8526	 0.013420117
8539	 0.037166145
8557	 0.067761
8614	 0.0143410275
8632	 0.022199223
8638	 0.02958948
8650	 0.019933669
8701	 0.05861842
8706	 0.025939405
8762	 0.011099611
8825	 0.011099611
8865	 0.033074535
8866	 0.026252938
8891	 0.037166145
8898	 0.015153327
8959	 0.026552835
9019	 0.004780343
9106	 0.041993562
9120	 0.015879953
9165	 0.016537268
9167	 0.024714012
9180	 0.28959453
9280	 0.03640092
9469	 0.040689092
9503	 0.0143410275
9513	 0.01820046
9586	 0.038686153
9610	 0.01820046
9633	 0.0075766635
9639	 0.020660296
9681	 0.027510332
9721	 0.026252938
9723	 0.03235424
9733	 0.017137347
9774	 0.019121371
9849	 0.033298835
9882	 0.030557467
9902	 0.039078943
9923	 0.018676275
9973	 0.020996781
10047	 0.011099611
10116	 0.0
10213	 0.022199223
10294	 0.048265755
10304	 0.061114933
10326	 0.048265755
10329	 0.12078106
10348	 0.024714012
10376	 0.016537268
10432	 0.018676275
10479	 0.052505877
10484	 0.009560686
10549	 0.022980802
10692	 0.031690594
10696	 0.0143410275
10706	 0.027883211
10753	 0.046445627
10754	 0.053068105
10779	 0.031690594
10800	 0.040689092
10853	 0.022199223
10865	 0.023456616
10936	 0.06614907
10962	 0.015153327
11001	 0.027883211
11020	 0.033074535
11025	 0.030306654
11026	 0.055766422
11061	 0.05647392
11075	 0.01820046
11162	 0.0143410275
11172	 0.034826715
11185	 0.0
11199	 0.015153327
11305	 0.017689368
11335	 0.030046375
11472	 0.035889827
11582	 0.048265755
11636	 0.013420117
11647	 0.013420117
11678	 0.055020664
11703	 0.033074535
11706	 0.015153327
11734	 0.056028828
11735	 0.012357006
11738	 0.015879953
11752	 0.022980802
11860	 0.012357006
11891	 0.026840234
11942	 0.040689092
11962	 0.0143410275
11971	 0.05310567
11978	 0.024902971
12006	 0.0075766635
12064	 0.024319815
12069	 0.02191769
12095	 0.02191769
12142	 0.04347911
12146	 0.048265755
12208	 0.009560686
12241	 0.012357006
12313	 0.031109486
12343	 0.1984472
12457	 0.048265755
12463	 0.0143410275
12596	 0.0075766635
12652	 0.027250053
12726	 0.067409135
12750	 0.10153274
12752	 0.15342385
12769	 0.047803424
12802	 0.013420117
12831	 0.023682754
12879	 0.0075766635
12900	 0.018676275
12912	 0.05549806
12966	 0.020306548
13030	 0.04347911
13037	 0.03707102
13051	 0.04347911
13187	 0.0075766635
13206	 0.02958948
13259	 0.048265755
13283	 0.025939405
13285	 0.009560686
13290	 0.034826715
13318	 0.11149843
13320	 0.017137347
13322	 0.027510332
