80	 0.051656228
83	 0.01380024
88	 0.01380024
115	 0.029163819
140	 0.014581909
196	 0.048626546
224	 0.017514138
315	 0.046445698
353	 0.035944022
368	 0.041400723
433	 0.021872865
470	 0.0326029
495	 0.024481295
577	 0.031827327
578	 0.0106810555
586	 0.02717217
600	 0.03680064
642	 0.081516504
682	 0.045843408
730	 0.08280145
743	 0.14968188
746	 0.041839555
770	 0.0072909547
777	 0.01918199
806	 0.00920016
820	 0.021091195
838	 0.02717217
862	 0.24175519
864	 0.020205012
952	 0.039762434
969	 0.11746423
985	 0.011891035
1019	 0.06907291
1057	 0.025828114
1063	 0.03113419
1121	 0.015913663
1153	 0.0326029
1331	 0.020205012
1345	 0.046445698
1602	 0.032982226
1605	 0.039762434
1614	 0.035764642
1636	 0.035764642
1658	 0.014581909
1672	 0.00920016
1689	 0.021091195
1712	 0.011891035
1733	 0.017972011
1764	 0.011891035
1775	 0.035673104
1783	 0.020808747
1878	 0.01702232
1905	 0.033513434
1908	 0.021362111
1947	 0.059872754
2041	 0.022114217
2055	 0.01380024
2062	 0.039154742
2070	 0.045144178
2080	 0.021362111
2101	 0.039154742
2110	 0.01840032
2125	 0.02760048
2205	 0.021362111
2217	 0.025551552
2245	 0.03680064
2257	 0.01702232
2265	 0.016491113
2280	 0.017514138
2283	 0.023595113
2324	 0.015281135
2330	 0.020808747
2331	 0.023595113
2335	 0.05052593
2352	 0.014581909
2367	 0.0648672
2437	 0.00920016
2439	 0.024805091
2457	 0.01380024
2459	 0.024481295
2469	 0.017514138
2540	 0.037227333
2548	 0.00460008
2559	 0.032043166
2564	 0.033513434
2606	 0.020513743
2613	 0.052945886
2662	 0.06226838
2749	 0.01380024
2784	 0.026831761
2862	 0.01702232
2872	 0.015281135
2874	 0.035673104
2877	 0.015913663
2884	 0.041839555
2892	 0.021622399
2905	 0.014581909
2906	 0.025828114
2968	 0.031827327
3013	 0.0460008
3035	 0.01702232
3044	 0.030495571
3057	 0.015913663
3101	 0.00460008
3102	 0.0227897
3141	 0.017972011
3172	 0.035764642
3195	 0.017514138
3219	 0.023402736
3257	 0.029405173
3273	 0.037227333
3337	 0.020808747
3381	 0.028002817
3467	 0.046445698
3552	 0.023402736
3691	 0.02760048
3712	 0.029405173
3721	 0.046445698
3738	 0.018802658
3777	 0.021362111
3806	 0.0460008
3860	 0.041400723
3926	 0.035764642
3929	 0.020808747
3949	 0.035028275
3997	 0.015281135
4009	 0.014581909
4032	 0.021362111
4066	 0.023402736
4085	 0.015281135
4168	 0.0326029
4171	 0.0106810555
4265	 0.046445698
4367	 0.014581909
4380	 0.032043166
4400	 0.031827327
4410	 0.037227333
4480	 0.029163819
4540	 0.04374573
4578	 0.016491113
4596	 0.017972011
4629	 0.035764642
4650	 0.015281135
4670	 0.017514138
4679	 0.046445698
4711	 0.01702232
4737	 0.029163819
4788	 0.0106810555
4790	 0.031827327
4814	 0.021872865
4918	 0.015281135
4962	 0.021622399
5061	 0.025828114
5068	 0.022347102
5085	 0.012914057
5097	 0.051066957
5167	 0.0106810555
5185	 0.017972011
5195	 0.043244798
5279	 0.021622399
5299	 0.024805091
5331	 0.015913663
5354	 0.012914057
5369	 0.0072909547
5435	 0.00920016
5440	 0.0072909547
5536	 0.028913355
5537	 0.017514138
5545	 0.023595113
5571	 0.035944022
5653	 0.01380024
5692	 0.022347102
5731	 0.0072909547
5806	 0.07134621
5877	 0.015281135
5902	 0.039154742
5907	 0.028002817
5915	 0.014581909
5939	 0.0072909547
5945	 0.024805091
5992	 0.02378207
6025	 0.034536455
6146	 0.01380024
6190	 0.09401328
6193	 0.063654654
6195	 0.025262965
6221	 0.046445698
6225	 0.0072909547
6279	 0.017972011
6326	 0.092891395
6332	 0.014581909
6455	 0.025551552
6456	 0.029936377
6544	 0.011891035
6548	 0.021362111
6568	 0.014581909
6579	 0.12580408
6601	 0.01918199
6615	 0.028913355
6617	 0.00920016
6623	 0.01840032
6626	 0.046445698
6659	 0.029163819
6684	 0.026831761
6706	 0.014581909
6724	 0.012914057
6819	 0.0106810555
6947	 0.029405173
6986	 0.05520096
7046	 0.029936377
7086	 0.016491113
7160	 0.026472943
7217	 0.011891035
7236	 0.0106810555
7366	 0.014581909
7471	 0.023402736
7495	 0.035764642
7548	 0.00920016
7590	 0.06808928
7633	 0.028002817
7634	 0.025828114
7711	 0.046445698
7785	 0.03056227
7789	 0.00920016
7793	 0.046445698
7860	 0.0
7911	 0.0106810555
7927	 0.035764642
7945	 0.046445698
7962	 0.031827327
8017	 0.041839555
8045	 0.012914057
8081	 0.018802658
8108	 0.01380024
8109	 0.014581909
8110	 0.00920016
8141	 0.017514138
8208	 0.01840032
8215	 0.025551552
8227	 0.08845687
8240	 0.035764642
8411	 0.048626546
8466	 0.026222479
8482	 0.016491113
8560	 0.029405173
8608	 0.039154742
8614	 0.00920016
8674	 0.09340257
8758	 0.030495571
8769	 0.00920016
8789	 0.028913355
8825	 0.0106810555
8842	 0.00920016
8872	 0.4512638
8900	 0.00920016
9005	 0.041839555
9007	 0.01380024
9015	 0.022572089
9016	 0.037605315
9019	 0.023000402
9025	 0.035028275
9057	 0.028473688
9061	 0.038742173
9066	 0.01918199
9078	 0.063654654
9081	 0.023595113
9082	 0.052945886
9096	 0.046409234
9098	 0.025262965
9111	 0.024805091
9112	 0.046445698
9147	 0.023204617
9154	 0.032982226
9163	 0.020808747
9165	 0.031827327
9185	 0.059455175
9187	 0.024481295
9189	 0.0230004
9211	 0.025828114
9231	 0.10783207
9274	 0.021362111
9380	 0.039154742
9397	 0.019881217
9436	 0.02760048
9439	 0.06327358
9452	 0.015281135
9473	 0.0326029
9478	 0.01380024
9479	 0.038742173
9499	 0.01702232
9513	 0.017514138
9549	 0.01918199
9581	 0.08980913
9584	 0.029936377
9612	 0.03056227
9613	 0.021622399
9616	 0.025828114
9633	 0.0072909547
9636	 0.022114217
9674	 0.024313273
9681	 0.026472943
9684	 0.01380024
9706	 0.052444957
9719	 0.0227897
9725	 0.019540807
9774	 0.01840032
9927	 0.08821552
9929	 0.037227333
10011	 0.039154742
10066	 0.19320336
10067	 0.0903984
10115	 0.0
10116	 0.0
10135	 0.028913355
10228	 0.026831761
10361	 0.13617855
10371	 0.014581909
10379	 0.02760048
10415	 0.028913355
10435	 0.01380024
10444	 0.015913663
10478	 0.0106810555
10484	 0.01840032
10490	 0.01380024
10501	 0.037227333
10521	 0.02760048
10612	 0.06702687
10621	 0.020808747
10726	 0.020808747
10865	 0.022572089
10954	 0.034536455
10995	 0.015913663
11025	 0.029163819
11050	 0.017514138
11053	 0.033513434
11076	 0.026222479
11077	 0.0106810555
11107	 0.037605315
11113	 0.19577372
11151	 0.041839555
11185	 0.0
11190	 0.076405674
11222	 0.024313273
11295	 0.01840032
11451	 0.015913663
11456	 0.015913663
11506	 0.020808747
11559	 0.039154742
11637	 0.02760048
11647	 0.012914057
11711	 0.07578889
11715	 0.043244798
11735	 0.035673104
11795	 0.049922507
11797	 0.053663522
11805	 0.034536455
11806	 0.046445698
11860	 0.011891035
11962	 0.00460008
12006	 0.0072909547
12048	 0.037605315
12064	 0.023402736
12108	 0.06907291
12128	 0.017972011
12153	 0.119156234
12170	 0.11974551
12217	 0.011891035
12259	 0.046445698
12345	 0.078309484
12398	 0.052444957
12459	 0.01918199
12463	 0.00920016
12465	 0.05520096
12467	 0.039154742
12468	 0.033513434
12626	 0.1393371
12666	 0.025262965
12707	 0.32841855
12709	 0.033513434
12717	 0.02717217
12745	 0.02378207
12821	 0.01702232
12912	 0.0106810555
12947	 0.021362111
12982	 0.017514138
12996	 0.07134621
12998	 0.00460008
13004	 0.028913355
13043	 0.014581909
13072	 0.011891035
13097	 0.05520096
13139	 0.05254241
13187	 0.021872865
13231	 0.024481295
13234	 0.021362111
13237	 0.020513743
13285	 0.01380024
13287	 0.0106810555
13349	 0.046445698
