53	 0.04467734
115	 0.040938463
140	 0.020469232
168	 0.023894938
178	 0.03363913
220	 0.014993442
240	 0.03338388
391	 0.05496314
462	 0.06519776
693	 0.100408636
709	 0.054860488
720	 0.014993442
833	 0.0428079
835	 0.01669194
951	 0.050204318
1043	 0.031990852
1206	 0.03766486
1283	 0.05873192
1307	 0.13039552
1341	 0.03481994
1360	 0.031042647
1408	 0.05873192
1438	 0.06519776
1498	 0.025829297
1542	 0.01669194
1579	 0.023149263
1580	 0.041277263
1602	 0.023149263
1635	 0.06519776
1658	 0.010234616
1672	 0.025829297
1693	 0.05496314
1714	 0.034129553
1754	 0.5682445
1759	 0.0470442
1771	 0.043704357
1831	 0.023894938
1852	 0.048480257
1878	 0.023894938
1891	 0.018127998
1965	 0.029210104
1967	 0.075684175
2004	 0.032286618
2022	 0.029986884
2042	 0.014993442
2125	 0.012914648
2203	 0.05873192
2217	 0.035867777
2220	 0.032286618
2224	 0.05873192
2245	 0.012914648
2299	 0.021450765
2336	 0.019371971
2348	 0.026926557
2366	 0.031042647
2420	 0.03716117
2473	 0.08935468
2474	 0.03766486
2555	 0.03070385
2556	 0.0856158
2597	 0.069447786
2632	 0.03766486
2643	 0.020469232
2698	 0.04467734
2749	 0.019371971
2793	 0.0399697
2809	 0.02790809
2837	 0.01669194
2850	 0.044980325
2861	 0.028795995
2872	 0.04290153
2877	 0.02233867
2892	 0.03035226
2957	 0.044980325
3073	 0.05007582
3101	 0.038743943
3102	 0.031990852
3149	 0.06519776
3270	 0.032573286
3285	 0.05496314
3393	 0.032573286
3469	 0.05873192
3497	 0.01669194
3558	 0.031369556
3559	 0.048480257
3603	 0.040938463
3691	 0.012914648
3845	 0.026394071
3848	 0.050204318
3929	 0.029210104
3997	 0.021450765
4032	 0.014993442
4048	 0.04467734
4067	 0.024585323
4101	 0.040938463
4113	 0.023894938
4278	 0.05873192
4292	 0.05496314
4323	 0.029210104
4326	 0.029606586
4338	 0.014993442
4513	 0.023894938
4578	 0.023149263
4693	 0.020469232
4765	 0.012914648
4772	 0.032573286
4788	 0.014993442
4810	 0.019371971
4812	 0.026394071
4822	 0.049170647
4832	 0.100408636
4851	 0.050204318
4896	 0.043704357
4923	 0.014993442
4951	 0.07861744
4955	 0.036255997
4987	 0.052257553
5023	 0.06519776
5061	 0.036255997
5085	 0.054383997
5097	 0.023894938
5107	 0.06519776
5195	 0.03035226
5203	 0.05873192
5225	 0.01669194
5278	 0.036255997
5536	 0.081173755
5551	 0.05873192
5566	 0.052257553
5571	 0.3027367
5592	 0.048480257
5749	 0.03338388
5915	 0.020469232
6075	 0.14181307
6086	 0.0399697
6124	 0.043704357
6132	 0.021450765
6146	 0.058115914
6207	 0.038743943
6225	 0.040938463
6288	 0.07251199
6332	 0.020469232
6359	 0.05581618
6368	 0.025829297
6493	 0.05496314
6548	 0.014993442
6579	 0.025228059
6621	 0.031369556
6659	 0.0614077
6692	 0.038743943
6706	 0.020469232
6721	 0.06519776
6743	 0.034129553
6753	 0.01669194
6797	 0.029986884
6842	 0.079182215
6844	 0.019371971
6852	 0.025829297
6854	 0.048480257
6947	 0.041277263
6972	 0.020469232
7099	 0.0940884
7225	 0.12914649
7277	 0.047789875
7317	 0.019371971
7445	 0.06519776
7465	 0.103317186
7500	 0.035462674
7517	 0.020469232
7600	 0.052788142
7623	 0.018127998
7860	 0.0
7866	 0.05873192
7911	 0.014993442
8010	 0.03766486
8027	 0.06519776
8110	 0.006457324
8121	 0.040586878
8144	 0.04467734
8159	 0.05496314
8241	 0.019371971
8279	 0.041277263
8460	 0.06519776
8500	 0.014993442
8527	 0.06519776
8614	 0.058115914
8717	 0.032286618
8756	 0.048480257
8769	 0.012914648
8771	 0.077487886
8779	 0.0428079
8842	 0.012914648
8849	 0.026394071
8891	 0.050204318
8896	 0.03503915
8900	 0.012914648
8910	 0.043704357
8912	 0.0470442
8959	 0.035867777
9015	 0.031685382
9098	 0.035462674
9120	 0.021450765
9223	 0.03716117
9274	 0.014993442
9292	 0.026394071
9306	 0.04290153
9382	 0.03766486
9439	 0.059213173
9471	 0.038743943
9478	 0.019371971
9479	 0.036255997
9502	 0.03930872
9538	 0.06519776
9539	 0.03312144
9622	 0.05496314
9692	 0.0614077
9774	 0.012914648
9914	 0.069447786
9944	 0.028795995
9955	 0.04467734
10115	 0.0
10116	 0.0
10203	 0.03363913
10266	 0.08372427
10334	 0.09834129
10428	 0.026926557
10429	 0.058115914
10430	 0.048480257
10438	 0.02790809
10470	 0.031042647
10472	 0.03312144
10475	 0.014993442
10484	 0.025829297
10505	 0.03035226
10549	 0.031042647
10553	 0.041277263
10614	 0.029986884
10630	 0.02233867
10691	 0.03930872
10732	 0.048480257
10753	 0.031369556
10903	 0.0428079
10938	 0.052257553
10962	 0.0614077
10987	 0.052257553
11041	 0.026394071
11090	 0.0470442
11128	 0.026394071
11144	 0.036255997
11162	 0.019371971
11178	 0.01669194
11185	 0.0
11239	 0.019371971
11295	 0.025829297
11326	 0.048480257
11342	 0.032573286
11354	 0.023149263
11387	 0.031042647
11510	 0.021450765
11515	 0.04467734
11526	 0.026394071
11529	 0.021450765
11532	 0.031990852
11565	 0.05496314
11567	 0.05873192
11611	 0.05496314
11637	 0.019371971
11647	 0.018127998
11653	 0.0399697
11703	 0.04467734
11735	 0.01669194
11738	 0.021450765
11820	 0.020469232
11860	 0.05007582
11861	 0.025829297
11962	 0.019371971
12077	 0.0614077
12095	 0.029606586
12204	 0.03481994
12241	 0.01669194
12465	 0.051658593
12591	 0.02233867
12849	 0.03338388
12879	 0.03070385
12886	 0.02233867
12911	 0.07164231
12947	 0.029986884
12951	 0.02233867
12998	 0.006457324
13034	 0.06519776
13037	 0.01669194
13049	 0.028795995
13068	 0.05496314
13078	 0.06519776
13095	 0.029606586
13097	 0.019371971
13105	 0.03436541
13112	 0.03312144
13166	 0.018127998
13187	 0.020469232
13197	 0.012914648
13214	 0.021450765
13240	 0.06070452
13285	 0.019371971
13320	 0.023149263
13325	 0.0399697
