7	 0.031475715
43	 0.028458597
76	 0.04295277
80	 0.018189346
93	 0.02752307
107	 0.038875055
118	 0.038271785
123	 0.052966785
140	 0.020538501
168	 0.023975799
177	 0.028893443
212	 0.020538501
225	 0.028893443
240	 0.033496853
293	 0.07654357
298	 0.029308954
362	 0.046455204
495	 0.034481708
543	 0.03728693
578	 0.030088361
666	 0.058312584
749	 0.033752967
806	 0.012958352
809	 0.034481708
831	 0.027017677
864	 0.028458597
914	 0.105473176
1055	 0.018189346
1057	 0.018189346
1074	 0.086093426
1078	 0.010269251
1082	 0.033233527
1111	 0.035157725
1152	 0.05514914
1202	 0.029308954
1219	 0.040104963
1221	 0.02752307
1253	 0.023975799
1322	 0.058930676
1344	 0.040724225
1367	 0.05514914
1475	 0.02752307
1481	 0.027017677
1487	 0.023227602
1512	 0.039441742
1542	 0.016748426
1658	 0.020538501
1672	 0.012958352
1712	 0.033496853
1764	 0.033496853
1773	 0.04482853
1831	 0.047951598
1845	 0.018189346
1885	 0.022414265
1903	 0.05514914
1963	 0.015044181
1980	 0.04864432
1988	 0.030454976
2042	 0.030088361
2044	 0.025313433
2049	 0.026483392
2050	 0.028458597
2055	 0.019437527
2080	 0.015044181
2107	 0.04592092
2125	 0.012958352
2156	 0.03239588
2160	 0.043852255
2245	 0.025916705
2266	 0.023975799
2299	 0.021523356
2303	 0.033233527
2320	 0.028893443
2326	 0.078883484
2348	 0.027017677
2352	 0.020538501
2354	 0.029308954
2363	 0.06750593
2397	 0.019437527
2403	 0.04141695
2413	 0.043046713
2444	 0.029308954
2448	 0.033496853
2454	 0.040724225
2537	 0.023975799
2548	 0.019437527
2559	 0.04513254
2584	 0.043852255
2603	 0.058930676
2633	 0.024668522
2635	 0.043046713
2639	 0.0840076
2648	 0.07654357
2749	 0.025916705
2862	 0.023975799
2877	 0.022414265
2902	 0.018189346
2957	 0.030088361
3024	 0.020538501
3035	 0.047951598
3057	 0.022414265
3118	 0.0524344
3230	 0.033752967
3368	 0.03779232
3383	 0.04864432
3473	 0.034481708
3497	 0.016748426
3512	 0.034481708
3535	 0.025313433
3603	 0.030807754
3606	 0.023975799
3691	 0.025916705
3777	 0.030088361
3803	 0.024668522
3825	 0.06479176
3828	 0.04592092
3834	 0.056917194
3835	 0.056917194
3849	 0.023227602
3938	 0.030088361
3949	 0.024668522
4005	 0.035989158
4032	 0.015044181
4128	 0.058930676
4194	 0.058930676
4346	 0.023975799
4367	 0.020538501
4380	 0.030088361
4401	 0.030454976
4496	 0.052966785
4512	 0.10530927
4578	 0.023227602
4596	 0.025313433
4642	 0.023227602
4711	 0.023975799
4814	 0.030807754
4831	 0.04482853
4852	 0.04141695
4871	 0.022414265
4905	 0.038271785
5009	 0.032683518
5052	 0.042165145
5232	 0.030807754
5278	 0.036378693
5331	 0.022414265
5393	 0.0524344
5402	 0.015044181
5406	 0.042165145
5410	 0.04864432
5537	 0.024668522
5554	 0.021523356
5610	 0.030454976
5622	 0.034937773
5688	 0.054568037
5691	 0.09970058
5694	 0.038875055
5716	 0.034937773
5754	 0.022414265
5761	 0.023975799
5762	 0.087926865
5859	 0.025313433
5862	 0.024668522
5880	 0.057786886
5901	 0.030088361
5937	 0.03239588
5945	 0.034937773
5985	 0.06479176
6011	 0.14914772
6032	 0.047203403
6151	 0.020538501
6327	 0.006479176
6402	 0.05861791
6410	 0.38742042
6548	 0.015044181
6557	 0.028458597
6568	 0.020538501
6594	 0.041077003
6612	 0.020538501
6617	 0.05183341
6623	 0.025916705
6662	 0.024668522
6692	 0.038875055
6697	 0.023975799
6706	 0.010269251
6753	 0.016748426
6797	 0.015044181
6818	 0.033496853
6840	 0.023975799
6843	 0.018189346
6935	 0.030454976
6983	 0.015044181
7086	 0.023227602
7089	 0.04295277
7205	 0.025916705
7217	 0.016748426
7275	 0.029706778
7277	 0.023975799
7353	 0.043852255
7385	 0.4859382
7391	 0.08965706
7411	 0.033496853
7422	 0.021523356
7493	 0.034481708
7634	 0.036378693
7747	 0.023975799
7774	 0.051346254
7778	 0.029308954
7813	 0.040104963
7855	 0.026483392
7860	 0.0
7987	 0.050626867
7988	 0.06541839
8012	 0.03728693
8057	 0.04141695
8062	 0.04482853
8094	 0.020538501
8107	 0.039441742
8108	 0.058312584
8110	 0.012958352
8217	 0.033496853
8283	 0.028458597
8341	 0.04141695
8491	 0.10807071
8498	 0.025313433
8500	 0.030088361
8563	 0.04482853
8574	 0.022414265
8614	 0.012958352
8764	 0.058312584
8789	 0.040724225
8793	 0.05183341
8842	 0.06479176
8896	 0.035157725
8900	 0.025916705
8910	 0.043852255
8944	 0.061615508
9019	 0.03239588
9021	 0.11186078
9022	 0.025916705
9025	 0.024668522
9049	 0.041077003
9078	 0.022414265
9083	 0.021523356
9096	 0.032683518
9119	 0.03728693
9122	 0.029308954
9125	 0.042165145
9150	 0.033496853
9157	 0.058312584
9210	 0.04864432
9229	 0.032962564
9231	 0.025313433
9337	 0.042165145
9371	 0.04864432
9433	 0.016748426
9439	 0.029706778
9444	 0.024668522
9489	 0.050374214
9576	 0.052966785
9598	 0.04592092
9607	 0.11029828
9633	 0.030807754
9648	 0.047951598
9684	 0.012958352
9733	 0.023227602
9774	 0.025916705
9879	 0.030454976
9907	 0.040104963
9953	 0.08105303
10039	 0.031792607
10066	 0.038875055
10067	 0.036378693
10115	 0.0
10116	 0.0
10168	 0.14229299
10173	 0.035582684
10213	 0.030088361
10251	 0.023227602
10362	 0.016748426
10371	 0.010269251
10376	 0.067242794
10379	 0.019437527
10454	 0.028893443
10456	 0.046455204
10457	 0.050626867
10696	 0.019437527
10697	 0.03239588
10701	 0.030454976
10834	 0.038875055
10918	 0.031792607
10950	 0.04864432
11026	 0.03779232
11041	 0.052966785
11049	 0.02752307
11076	 0.036934152
11131	 0.030088361
11138	 0.025916705
11178	 0.033496853
11185	 0.0
11239	 0.019437527
11298	 0.058930676
11306	 0.029308954
11338	 0.016748426
11342	 0.032683518
11343	 0.033496853
11368	 0.022414265
11373	 0.04592092
11395	 0.058930676
11420	 0.0524344
11439	 0.026483392
11471	 0.032962564
11501	 0.05183341
11572	 0.04295277
11636	 0.036378693
11667	 0.04141695
11735	 0.016748426
11891	 0.018189346
11935	 0.030088361
11962	 0.006479176
12006	 0.010269251
12018	 0.058930676
12026	 0.03239588
12121	 0.028002534
12153	 0.023975799
12159	 0.033496853
12167	 0.035989158
12208	 0.038875055
12241	 0.016748426
12459	 0.027017677
12463	 0.019437527
12490	 0.034481708
12596	 0.010269251
12622	 0.050374214
12742	 0.054568037
12768	 0.0524344
12786	 0.043046713
12821	 0.023975799
12835	 0.022414265
12879	 0.020538501
12889	 0.033233527
12911	 0.020538501
12912	 0.09026508
12919	 0.04482853
12947	 0.015044181
13042	 0.019437527
13043	 0.061615508
13099	 0.03728693
13122	 0.023227602
13135	 0.031147698
13146	 0.050374214
13187	 0.010269251
13197	 0.012958352
13285	 0.025916705
13287	 0.015044181
13333	 0.09867409
13334	 0.11662517
