42	 0.07513648
80	 0.020891426
95	 0.07513648
148	 0.07513648
174	 0.06334171
205	 0.06911615
212	 0.04717911
227	 0.07513648
240	 0.019236455
421	 0.03366288
432	 0.02232503
577	 0.05148794
604	 0.06334171
635	 0.10367422
720	 0.017279038
731	 0.033185646
734	 0.056666207
822	 0.07513648
835	 0.019236455
874	 0.07513648
931	 0.067685
985	 0.019236455
1055	 0.020891426
1057	 0.020891426
1058	 0.114511386
1082	 0.038170464
1253	 0.027537474
1276	 0.034558076
1298	 0.034558076
1481	 0.031031232
1545	 0.039604064
1552	 0.040380508
1557	 0.07513648
1572	 0.054215603
1579	 0.08003438
1634	 0.07513648
1666	 0.03577478
1672	 0.014883353
1678	 0.033185646
1712	 0.019236455
1733	 0.029073816
1838	 0.050366636
1845	 0.020891426
1851	 0.027537474
1967	 0.029073816
1986	 0.07513648
1992	 0.07513648
2022	 0.034558076
2042	 0.017279038
2049	 0.030417576
2080	 0.017279038
2084	 0.031611703
2108	 0.052742604
2135	 0.068239614
2143	 0.07513648
2191	 0.04677393
2211	 0.12400635
2214	 0.053356256
2229	 0.050366636
2240	 0.057857446
2241	 0.050366636
2272	 0.023589555
2283	 0.038170464
2294	 0.06022368
2299	 0.024720713
2324	 0.024720713
2348	 0.031031232
2354	 0.03366288
2423	 0.03577478
2437	 0.029766707
2471	 0.039604064
2535	 0.04086859
2548	 0.02232503
2595	 0.07513648
2597	 0.026678128
2598	 0.055870574
2638	 0.04677393
2673	 0.042420827
2749	 0.014883353
2764	 0.12534855
2837	 0.03847291
2838	 0.03216239
2850	 0.034558076
2858	 0.03366288
2981	 0.019236455
3021	 0.03577478
3055	 0.031031232
3057	 0.05148794
3107	 0.049441427
3146	 0.024720713
3150	 0.03753875
3168	 0.028333103
3259	 0.04012788
3329	 0.08681296
3479	 0.049333524
3497	 0.019236455
3505	 0.116301194
3507	 0.04717911
3542	 0.03366288
3564	 0.028333103
3566	 0.034558076
3591	 0.059533413
3614	 0.042420827
3626	 0.067685
3656	 0.098882854
3816	 0.030417576
3837	 0.04086859
3946	 0.052742604
3990	 0.06022368
4032	 0.017279038
4149	 0.099556945
4176	 0.05814763
4287	 0.033185646
4343	 0.062062465
4348	 0.05148794
4426	 0.07513648
4609	 0.031611703
4653	 0.07513648
4765	 0.029766707
4810	 0.02232503
4814	 0.011794778
4918	 0.024720713
4923	 0.017279038
4926	 0.045300927
5055	 0.04606267
5143	 0.06022368
5154	 0.028333103
5185	 0.05814763
5204	 0.031611703
5225	 0.019236455
5227	 0.08025576
5232	 0.023589555
5278	 0.020891426
5310	 0.08791433
5369	 0.011794778
5384	 0.05148794
5402	 0.017279038
5440	 0.11794778
5441	 0.06334171
5530	 0.054215603
5537	 0.028333103
5567	 0.055870574
5610	 0.03497915
5613	 0.04133545
5688	 0.020891426
5709	 0.06334171
5731	 0.011794778
5743	 0.03497915
5897	 0.12534855
5900	 0.057857446
5901	 0.017279038
5992	 0.019236455
6225	 0.011794778
6289	 0.041782852
6327	 0.0074416767
6359	 0.03216239
6452	 0.11261625
6463	 0.03366288
6505	 0.1399166
6612	 0.023589555
6617	 0.029766707
6692	 0.02232503
6709	 0.067685
6759	 0.017279038
6775	 0.07416214
6825	 0.04133545
6829	 0.049333524
6842	 0.030417576
6881	 0.07513648
6958	 0.031031232
6986	 0.014883353
6988	 0.04465006
7024	 0.0484289
7072	 0.047569558
7082	 0.05148794
7086	 0.026678128
7147	 0.028333103
7162	 0.07154956
7207	 0.02574397
7277	 0.027537474
7366	 0.011794778
7409	 0.06334171
7411	 0.019236455
7460	 0.020891426
7462	 0.031611703
7479	 0.11571489
7498	 0.0484289
7527	 0.05183711
7575	 0.10548521
7579	 0.020891426
7774	 0.023589555
7805	 0.029766707
7833	 0.06432478
7860	 0.0
7911	 0.034558076
7963	 0.057857446
8045	 0.041782852
8067	 0.067685
8110	 0.037208382
8217	 0.03847291
8242	 0.055870574
8253	 0.03366288
8261	 0.07513648
8292	 0.12044736
8452	 0.045300927
8501	 0.049333524
8574	 0.02574397
8614	 0.0074416767
8617	 0.05148794
8701	 0.030417576
8719	 0.03366288
8728	 0.04086859
8762	 0.034558076
8769	 0.014883353
8778	 0.07753413
8802	 0.06334171
8835	 0.054215603
8836	 0.017279038
8907	 0.07513648
9039	 0.050366636
9058	 0.035384335
9066	 0.031031232
9128	 0.067685
9154	 0.026678128
9165	 0.02574397
9185	 0.019236455
9243	 0.053356256
9373	 0.050366636
9446	 0.043957166
9448	 0.024720713
9466	 0.0826709
9503	 0.02232503
9504	 0.033185646
9505	 0.050366636
9513	 0.028333103
9532	 0.039604064
9610	 0.056666207
9623	 0.121670306
9630	 0.07513648
9684	 0.037208382
9686	 0.029073816
9704	 0.07076867
9705	 0.033185646
9712	 0.07723191
9716	 0.057857446
9849	 0.017279038
9970	 0.040380508
9983	 0.03753875
10044	 0.038170464
10047	 0.017279038
10116	 0.0
10147	 0.06732576
10148	 0.08173718
10163	 0.030417576
10189	 0.1696833
10213	 0.05183711
10218	 0.029766707
10251	 0.026678128
10281	 0.07513648
10329	 0.020891426
10371	 0.011794778
10443	 0.06267428
10470	 0.03577478
10478	 0.017279038
10484	 0.059533413
10575	 0.041782852
10584	 0.083565705
10635	 0.06334171
10651	 0.0484289
10652	 0.02232503
10692	 0.049333524
10696	 0.02232503
10754	 0.027537474
10814	 0.03651549
10842	 0.03577478
10853	 0.017279038
10916	 0.06022368
10962	 0.023589555
10986	 0.032686204
10998	 0.03651549
11002	 0.055870574
11030	 0.023589555
11031	 0.042420827
11050	 0.028333103
11070	 0.04133545
11089	 0.055870574
11095	 0.052742604
11104	 0.067685
11162	 0.02232503
11178	 0.019236455
11185	 0.0
11199	 0.023589555
11324	 0.06334171
11338	 0.019236455
11344	 0.047569558
11368	 0.02574397
11378	 0.04340648
11431	 0.04012788
11432	 0.049333524
11451	 0.02574397
11477	 0.05183711
11519	 0.057857446
11530	 0.05148794
11637	 0.02232503
11718	 0.1973341
11735	 0.019236455
11742	 0.047569558
11766	 0.07154956
11829	 0.067685
11860	 0.03847291
11861	 0.04465006
11944	 0.067685
11957	 0.067685
11962	 0.0074416767
12010	 0.028333103
12022	 0.03366288
12077	 0.09435822
12097	 0.032686204
12123	 0.029073816
12145	 0.04133545
12208	 0.014883353
12439	 0.06334171
12463	 0.02232503
12550	 0.06334171
12616	 0.15027297
12639	 0.055870574
12666	 0.04086859
12740	 0.024720713
12769	 0.037208382
12795	 0.040380508
12800	 0.036151525
12802	 0.020891426
12845	 0.11799675
12879	 0.011794778
12900	 0.029073816
12912	 0.017279038
12956	 0.023589555
12966	 0.031611703
12977	 0.05148794
12986	 0.03366288
13025	 0.06334171
13094	 0.043957166
13154	 0.034119807
13168	 0.03497915
13171	 0.045300927
13187	 0.023589555
13190	 0.12534855
13204	 0.039332252
13285	 0.0074416767
13287	 0.017279038
13362	 0.07513648
13368	 0.039332252
