80	 0.020125175
100	 0.05573537
110	 0.025699636
300	 0.061018474
491	 0.045824815
649	 0.053821366
661	 0.043012396
666	 0.021506198
668	 0.043012396
682	 0.047628026
732	 0.048519302
736	 0.022724343
777	 0.029893076
831	 0.029893076
944	 0.02867493
947	 0.05573537
952	 0.030982746
985	 0.018530905
1175	 0.04959948
1188	 0.061018474
1320	 0.02867493
1350	 0.092948236
1409	 0.061018474
1448	 0.034086518
1469	 0.053821366
1498	 0.02867493
1541	 0.03286837
1564	 0.053821366
1679	 0.060375527
1714	 0.07577927
1722	 0.05801481
1724	 0.02479974
1771	 0.048519302
1775	 0.018530905
1908	 0.09987169
1960	 0.053821366
1967	 0.028007453
2024	 0.07779888
2037	 0.15668128
2042	 0.01664528
2055	 0.043012396
2070	 0.035176184
2110	 0.08602479
2168	 0.050808124
2265	 0.025699636
2267	 0.047524083
2278	 0.123765744
2280	 0.02729391
2299	 0.023814013
2315	 0.097038604
2341	 0.031487346
2348	 0.029893076
2373	 0.02867493
2397	 0.021506198
2406	 0.053821366
2407	 0.16937967
2428	 0.04959948
2448	 0.018530905
2457	 0.10753099
2537	 0.02652746
2546	 0.03551531
2553	 0.03329056
2559	 0.01664528
2614	 0.05801481
2635	 0.023814013
2697	 0.061018474
2749	 0.0071687326
2837	 0.018530905
2838	 0.030982746
2844	 0.04959948
2850	 0.01664528
2867	 0.02652746
2874	 0.018530905
2905	 0.022724343
2906	 0.020125175
2957	 0.01664528
2981	 0.018530905
3044	 0.047524083
3053	 0.2032325
3146	 0.023814013
3171	 0.05801481
3259	 0.038656082
3260	 0.03446264
3269	 0.050808124
3419	 0.031487346
3426	 0.033696193
3497	 0.018530905
3700	 0.032428205
3799	 0.025699636
3840	 0.1672061
3843	 0.045058366
3915	 0.061018474
3941	 0.014337465
3966	 0.03616191
4027	 0.03706181
4032	 0.01664528
4085	 0.023814013
4096	 0.020125175
4164	 0.034086518
4190	 0.046652637
4238	 0.07873925
4273	 0.028007453
4367	 0.011362172
4409	 0.047524083
4443	 0.0522271
4463	 0.034825567
4542	 0.11147074
4673	 0.014337465
4725	 0.06520247
4735	 0.046652637
4786	 0.02729391
4812	 0.029301928
4814	 0.022724343
4840	 0.093305275
4941	 0.02652746
4962	 0.20217717
5139	 0.18305542
5154	 0.081881724
5185	 0.028007453
5194	 0.09919896
5222	 0.05573537
5223	 0.05801481
5225	 0.018530905
5244	 0.03551531
5290	 0.034825567
5369	 0.022724343
5440	 0.022724343
5554	 0.023814013
5634	 0.06573674
5666	 0.040864926
5683	 0.045058366
5691	 0.03677046
5729	 0.0522271
5812	 0.06520247
5850	 0.045824815
5901	 0.01664528
5903	 0.043012396
5939	 0.011362172
5992	 0.018530905
6146	 0.021506198
6151	 0.022724343
6183	 0.038656082
6190	 0.029301928
6204	 0.029893076
6278	 0.033696193
6319	 0.053821366
6321	 0.03677046
6327	 0.0071687326
6499	 0.030982746
6531	 0.02729391
6548	 0.01664528
6579	 0.028007453
6594	 0.022724343
6605	 0.01664528
6617	 0.02867493
6673	 0.038151477
6677	 0.03734518
6715	 0.048519302
6719	 0.0522271
6742	 0.02479974
6766	 0.04363939
6769	 0.04025035
6777	 0.031968474
6912	 0.041255247
6922	 0.23205924
7059	 0.03981936
7062	 0.029893076
7082	 0.04959948
7140	 0.033696193
7164	 0.03706181
7182	 0.093305275
7207	 0.02479974
7235	 0.05801481
7236	 0.01664528
7297	 0.045824815
7381	 0.03329056
7441	 0.050808124
7474	 0.053821366
7498	 0.046652637
7504	 0.05573537
7528	 0.022724343
7548	 0.02867493
7623	 0.020125175
7774	 0.034086518
7784	 0.05801481
7855	 0.029301928
7860	 0.0
7874	 0.029893076
8053	 0.04025035
8081	 0.029301928
8108	 0.021506198
8109	 0.022724343
8180	 0.061018474
8193	 0.041255247
8241	 0.043012396
8390	 0.046652637
8414	 0.032428205
8482	 0.051399272
8502	 0.059786152
8542	 0.050808124
8567	 0.045058366
8613	 0.021506198
8614	 0.0071687326
8636	 0.10764273
8648	 0.022724343
8670	 0.038656082
8788	 0.1838523
8836	 0.01664528
8838	 0.045058366
8839	 0.02479974
8899	 0.043012396
9019	 0.021506198
9038	 0.038151477
9057	 0.044373196
9061	 0.1610014
9075	 0.05573537
9076	 0.03647066
9083	 0.023814013
9119	 0.041255247
9130	 0.041814428
9148	 0.029301928
9157	 0.043012396
9313	 0.07469036
9323	 0.07873925
9478	 0.021506198
9568	 0.068173036
9573	 0.03647066
9612	 0.023814013
9633	 0.011362172
9648	 0.02652746
9658	 0.05573537
9715	 0.02652746
9745	 0.020125175
9807	 0.17404443
9824	 0.03734518
9862	 0.071687326
9911	 0.06090451
9923	 0.028007453
9931	 0.05801481
9944	 0.031968474
9953	 0.059786152
9984	 0.14879844
10030	 0.048519302
10047	 0.01664528
10116	 0.0
10163	 0.029301928
10213	 0.01664528
10361	 0.02652746
10362	 0.018530905
10429	 0.021506198
10444	 0.19839792
10475	 0.11651697
10478	 0.01664528
10484	 0.014337465
10490	 0.021506198
10502	 0.061018474
10512	 0.050808124
10513	 0.044373196
10597	 0.041255247
10720	 0.032428205
10729	 0.061018474
10737	 0.031487346
10779	 0.047524083
11018	 0.061018474
11050	 0.02729391
11124	 0.061018474
11185	 0.0
11303	 0.02867493
11449	 0.0522271
11451	 0.02479974
11501	 0.02867493
11532	 0.07103062
11578	 0.04363939
11581	 0.03889944
11594	 0.05801481
11636	 0.020125175
11696	 0.034086518
11723	 0.042344917
11735	 0.018530905
11773	 0.068173036
11783	 0.053821366
11795	 0.07779888
11803	 0.02479974
11835	 0.061018474
11962	 0.021506198
12086	 0.028007453
12087	 0.047524083
12153	 0.05305492
12155	 0.048519302
12280	 0.0522271
12369	 0.05801481
12466	 0.061018474
12474	 0.045058366
12495	 0.05801481
12519	 0.05801481
12596	 0.022724343
12947	 0.01664528
12982	 0.02729391
13074	 0.041814428
13107	 0.04025035
13118	 0.03329056
13190	 0.020125175
13209	 0.038656082
13238	 0.050808124
13285	 0.06451859
13287	 0.01664528
13311	 0.051399272
