7	 0.03455112
214	 0.05263682
216	 0.13885497
246	 0.03676974
413	 0.06468863
432	 0.021336716
477	 0.060537614
557	 0.03835145
635	 0.016514108
661	 0.04267343
682	 0.094505385
683	 0.03676974
686	 0.048136942
727	 0.07518208
736	 0.022545263
772	 0.022545263
782	 0.041484907
806	 0.07112239
835	 0.01838487
960	 0.032172654
1034	 0.02631841
1047	 0.053397223
1055	 0.019966578
1078	 0.022545263
1250	 0.05529614
1253	 0.02631841
1279	 0.05529614
1432	 0.049208608
1487	 0.076491326
1500	 0.022545263
1602	 0.025497107
1655	 0.03618325
1724	 0.024604304
1775	 0.01838487
1845	 0.019966578
1891	 0.039933156
1954	 0.05040773
2008	 0.037850823
2010	 0.029071013
2125	 0.04267343
2153	 0.05040773
2171	 0.053397223
2234	 0.04546369
2235	 0.19529685
2265	 0.025497107
2272	 0.022545263
2281	 0.05755762
2450	 0.060537614
2452	 0.086590976
2457	 0.06401015
2492	 0.035561193
2512	 0.027078817
2546	 0.070470855
2593	 0.05040773
2635	 0.023626346
2749	 0.014224478
2838	 0.030738585
2850	 0.016514108
2861	 0.031716544
2867	 0.02631841
2980	 0.040542886
2981	 0.055154614
3041	 0.048136942
3101	 0.007112239
3102	 0.035235427
3259	 0.03835145
3293	 0.024604304
3327	 0.035235427
3337	 0.06434531
3369	 0.060537614
3377	 0.022545263
3413	 0.058142025
3497	 0.01838487
3591	 0.028448956
3683	 0.03618325
3691	 0.014224478
3771	 0.06468863
3782	 0.053397223
3800	 0.07518208
3836	 0.029071013
3850	 0.032609347
3978	 0.029071013
4080	 0.045090526
4085	 0.023626346
4113	 0.02631841
4155	 0.035561193
4160	 0.027078817
4171	 0.033028215
4230	 0.06468863
4338	 0.033028215
4367	 0.011272632
4514	 0.042011216
4535	 0.033817895
4544	 0.05557348
4623	 0.03950556
4693	 0.022545263
4765	 0.014224478
4788	 0.016514108
5016	 0.04402351
5047	 0.04402351
5061	 0.019966578
5063	 0.060537614
5124	 0.041484907
5162	 0.07718578
5220	 0.037050877
5225	 0.01838487
5331	 0.024604304
5334	 0.022545263
5359	 0.021336716
5362	 0.115054354
5369	 0.045090526
5402	 0.016514108
5429	 0.11114696
5435	 0.028448956
5488	 0.049208608
5512	 0.04628499
5559	 0.03950556
5607	 0.03835145
5653	 0.021336716
5793	 0.05040773
5806	 0.01838487
5828	 0.16588843
5845	 0.021336716
5862	 0.027078817
5915	 0.06763579
5972	 0.07811874
6037	 0.030212276
6049	 0.03343065
6069	 0.05529614
6154	 0.043295488
6165	 0.033028215
6183	 0.03835145
6195	 0.03905937
6225	 0.022545263
6226	 0.023626346
6278	 0.03343065
6287	 0.041484907
6321	 0.036480688
6327	 0.014224478
6328	 0.040542886
6348	 0.05755762
6531	 0.027078817
6533	 0.035561193
6592	 0.01838487
6612	 0.022545263
6666	 0.049208608
6692	 0.021336716
6747	 0.04628499
6767	 0.03123921
6844	 0.04267343
6857	 0.060537614
6877	 0.030738585
6986	 0.014224478
7013	 0.025497107
7086	 0.025497107
7160	 0.040930133
7162	 0.034191053
7245	 0.04954232
7271	 0.05040773
7275	 0.032609347
7303	 0.032609347
7359	 0.06401015
7463	 0.060537614
7527	 0.033028215
7528	 0.045090526
7597	 0.10081546
7600	 0.029071013
7606	 0.16593963
7682	 0.071810246
7684	 0.03123921
7691	 0.2838002
7805	 0.028448956
7831	 0.058142025
7832	 0.02631841
7834	 0.05529614
7853	 0.02631841
7862	 0.2838002
7997	 0.04267343
8081	 0.029071013
8108	 0.021336716
8109	 0.045090526
8208	 0.028448956
8300	 0.05040773
8488	 0.22201581
8497	 0.086590976
8515	 0.048136942
8543	 0.030212276
8545	 0.040930133
8575	 0.08108577
8600	 0.11511524
8614	 0.007112239
8711	 0.029657502
8812	 0.030212276
8836	 0.08257054
9023	 0.022545263
9061	 0.059899732
9122	 0.032172654
9191	 0.06468863
9382	 0.041484907
9383	 0.053397223
9394	 0.044703282
9448	 0.023626346
9478	 0.021336716
9660	 0.04628499
9684	 0.007112239
9712	 0.024604304
9801	 0.034191053
9849	 0.016514108
9857	 0.04628499
9878	 0.03950556
9908	 0.08534686
9910	 0.041484907
9911	 0.030212276
9940	 0.043295488
9954	 0.03835145
9973	 0.09371763
10004	 0.029071013
10047	 0.016514108
10079	 0.14762582
10115	 0.0
10116	 0.0
10163	 0.029071013
10225	 0.05529614
10329	 0.019966578
10371	 0.011272632
10444	 0.049208608
10446	 0.030212276
10475	 0.04954232
10484	 0.014224478
10490	 0.04267343
10513	 0.08804702
10610	 0.06468863
10644	 0.054157633
10645	 0.042011216
10652	 0.04267343
10735	 0.051815517
10787	 0.05040773
10846	 0.03835145
10903	 0.047149565
10962	 0.022545263
10996	 0.021336716
10998	 0.034898978
11001	 0.041484907
11010	 0.041484907
11049	 0.030212276
11070	 0.03950556
11085	 0.029657502
11098	 0.11277313
11190	 0.047252692
11199	 0.022545263
11272	 0.05755762
11287	 0.04546369
11303	 0.08534686
11305	 0.02631841
11306	 0.032172654
11524	 0.14224477
11526	 0.058142025
11529	 0.023626346
11536	 0.019966578
11637	 0.021336716
11734	 0.083360225
11735	 0.01838487
11739	 0.051815517
11803	 0.22143872
11860	 0.01838487
11861	 0.014224478
11962	 0.028448956
11975	 0.06042455
12006	 0.022545263
12111	 0.037850823
12204	 0.0767029
12251	 0.029657502
12463	 0.007112239
12639	 0.053397223
12652	 0.040542886
12683	 0.06434531
12879	 0.022545263
12895	 0.028448956
12911	 0.033817895
12982	 0.10831527
12996	 0.03676974
12998	 0.007112239
12999	 0.056897912
13164	 0.029071013
13176	 0.13410984
13185	 0.024604304
13285	 0.014224478
13287	 0.033028215
